   4000.00000   3.76455573E-001
   3998.66622   3.78527730E-001
   3997.33244   3.80622233E-001
   3995.99867   3.82739424E-001
   3994.66489   3.84879651E-001
   3993.33111   3.87043269E-001
   3991.99733   3.89230640E-001
   3990.66355   3.91442133E-001
   3989.32978   3.93678124E-001
   3987.99600   3.95938998E-001
   3986.66222   3.98225145E-001
   3985.32844   4.00536964E-001
   3983.99466   4.02874864E-001
   3982.66089   4.05239259E-001
   3981.32711   4.07630573E-001
   3979.99333   4.10049239E-001
   3978.65955   4.12495697E-001
   3977.32578   4.14970399E-001
   3975.99200   4.17473803E-001
   3974.65822   4.20006379E-001
   3973.32444   4.22568605E-001
   3971.99066   4.25160970E-001
   3970.65689   4.27783973E-001
   3969.32311   4.30438124E-001
   3967.98933   4.33123942E-001
   3966.65555   4.35841958E-001
   3965.32177   4.38592716E-001
   3963.98800   4.41376769E-001
   3962.65422   4.44194683E-001
   3961.32044   4.47047036E-001
   3959.98666   4.49934419E-001
   3958.65288   4.52857435E-001
   3957.31911   4.55816701E-001
   3955.98533   4.58812846E-001
   3954.65155   4.61846516E-001
   3953.31777   4.64918368E-001
   3951.98399   4.68029075E-001
   3950.65022   4.71179325E-001
   3949.31644   4.74369821E-001
   3947.98266   4.77601284E-001
   3946.64888   4.80874447E-001
   3945.31511   4.84190063E-001
   3943.98133   4.87548902E-001
   3942.64755   4.90951750E-001
   3941.31377   4.94399413E-001
   3939.97999   4.97892715E-001
   3938.64622   5.01432498E-001
   3937.31244   5.05019626E-001
   3935.97866   5.08654980E-001
   3934.64488   5.12339466E-001
   3933.31110   5.16074007E-001
   3931.97733   5.19859552E-001
   3930.64355   5.23697070E-001
   3929.30977   5.27587555E-001
   3927.97599   5.31532023E-001
   3926.64221   5.35531517E-001
   3925.30844   5.39587104E-001
   3923.97466   5.43699878E-001
   3922.64088   5.47870960E-001
   3921.30710   5.52101497E-001
   3919.97332   5.56392667E-001
   3918.63955   5.60745676E-001
   3917.30577   5.65161760E-001
   3915.97199   5.69642189E-001
   3914.63821   5.74188261E-001
   3913.30443   5.78801311E-001
   3911.97066   5.83482706E-001
   3910.63688   5.88233849E-001
   3909.30310   5.93056179E-001
   3907.96932   5.97951174E-001
   3906.63555   6.02920349E-001
   3905.30177   6.07965259E-001
   3903.96799   6.13087502E-001
   3902.63421   6.18288716E-001
   3901.30043   6.23570586E-001
   3899.96666   6.28934838E-001
   3898.63288   6.34383250E-001
   3897.29910   6.39917644E-001
   3895.96532   6.45539894E-001
   3894.63154   6.51251925E-001
   3893.29777   6.57055715E-001
   3891.96399   6.62953299E-001
   3890.63021   6.68946766E-001
   3889.29643   6.75038265E-001
   3887.96265   6.81230007E-001
   3886.62888   6.87524265E-001
   3885.29510   6.93923376E-001
   3883.96132   7.00429746E-001
   3882.62754   7.07045849E-001
   3881.29376   7.13774234E-001
   3879.95999   7.20617520E-001
   3878.62621   7.27578409E-001
   3877.29243   7.34659677E-001
   3875.95865   7.41864188E-001
   3874.62487   7.49194889E-001
   3873.29110   7.56654816E-001
   3871.95732   7.64247099E-001
   3870.62354   7.71974961E-001
   3869.28976   7.79841728E-001
   3867.95599   7.87850824E-001
   3866.62221   7.96005783E-001
   3865.28843   8.04310250E-001
   3863.95465   8.12767981E-001
   3862.62087   8.21382856E-001
   3861.28710   8.30158876E-001
   3859.95332   8.39100171E-001
   3858.61954   8.48211004E-001
   3857.28576   8.57495778E-001
   3855.95198   8.66959039E-001
   3854.61821   8.76605484E-001
   3853.28443   8.86439966E-001
   3851.95065   8.96467499E-001
   3850.61687   9.06693266E-001
   3849.28309   9.17122626E-001
   3847.94932   9.27761120E-001
   3846.61554   9.38614480E-001
   3845.28176   9.49688635E-001
   3843.94798   9.60989722E-001
   3842.61420   9.72524092E-001
   3841.28043   9.84298320E-001
   3839.94665   9.96319215E-001
   3838.61287   1.00859383E+000
   3837.27909   1.02112947E+000
   3835.94532   1.03393372E+000
   3834.61154   1.04701441E+000
   3833.27776   1.06037969E+000
   3831.94398   1.07403799E+000
   3830.61020   1.08799809E+000
   3829.27643   1.10226905E+000
   3827.94265   1.11686032E+000
   3826.60887   1.13178169E+000
   3825.27509   1.14704332E+000
   3823.94131   1.16265578E+000
   3822.60754   1.17863005E+000
   3821.27376   1.19497754E+000
   3819.93998   1.21171012E+000
   3818.60620   1.22884012E+000
   3817.27242   1.24638039E+000
   3815.93865   1.26434429E+000
   3814.60487   1.28274574E+000
   3813.27109   1.30159921E+000
   3811.93731   1.32091981E+000
   3810.60353   1.34072325E+000
   3809.26976   1.36102594E+000
   3807.93598   1.38184498E+000
   3806.60220   1.40319819E+000
   3805.26842   1.42510420E+000
   3803.93464   1.44758243E+000
   3802.60087   1.47065318E+000
   3801.26709   1.49433764E+000
   3799.93331   1.51865798E+000
   3798.59953   1.54363735E+000
   3797.26576   1.56929998E+000
   3795.93198   1.59567123E+000
   3794.59820   1.62277763E+000
   3793.26442   1.65064699E+000
   3791.93064   1.67930840E+000
   3790.59687   1.70879240E+000
   3789.26309   1.73913098E+000
   3787.92931   1.77035771E+000
   3786.59553   1.80250784E+000
   3785.26175   1.83561835E+000
   3783.92798   1.86972811E+000
   3782.59420   1.90487799E+000
   3781.26042   1.94111093E+000
   3779.92664   1.97847214E+000
   3778.59286   2.01700918E+000
   3777.25909   2.05677218E+000
   3775.92531   2.09781392E+000
   3774.59153   2.14019008E+000
   3773.25775   2.18395940E+000
   3771.92397   2.22918385E+000
   3770.59020   2.27592891E+000
   3769.25642   2.32426377E+000
   3767.92264   2.37426158E+000
   3766.58886   2.42599976E+000
   3765.25509   2.47956026E+000
   3763.92131   2.53502992E+000
   3762.58753   2.59250077E+000
   3761.25375   2.65207047E+000
   3759.91997   2.71384268E+000
   3758.58620   2.77792754E+000
   3757.25242   2.84444213E+000
   3755.91864   2.91351100E+000
   3754.58486   2.98526680E+000
   3753.25108   3.05985083E+000
   3751.91731   3.13741381E+000
   3750.58353   3.21811658E+000
   3749.24975   3.30213097E+000
   3747.91597   3.38964067E+000
   3746.58219   3.48084223E+000
   3745.24842   3.57594618E+000
   3743.91464   3.67517820E+000
   3742.58086   3.77878046E+000
   3741.24708   3.88701310E+000
   3739.91330   4.00015579E+000
   3738.57953   4.11850955E+000
   3737.24575   4.24239874E+000
   3735.91197   4.37217320E+000
   3734.57819   4.50821073E+000
   3733.24441   4.65091979E+000
   3731.91064   4.80074248E+000
   3730.57686   4.95815793E+000
   3729.24308   5.12368609E+000
   3727.90930   5.29789188E+000
   3726.57553   5.48138997E+000
   3725.24175   5.67485005E+000
   3723.90797   5.87900285E+000
   3722.57419   6.09464683E+000
   3721.24041   6.32265586E+000
   3719.90664   6.56398780E+000
   3718.57286   6.81969434E+000
   3717.23908   7.09093212E+000
   3715.90530   7.37897544E+000
   3714.57152   7.68523078E+000
   3713.23775   8.01125343E+000
   3711.90397   8.35876657E+000
   3710.57019   8.72968326E+000
   3709.23641   9.12613180E+000
   3707.90263   9.55048507E+000
   3706.56886   1.00053946E+001
   3705.23508   1.04938302E+001
   3703.90130   1.10191263E+001
   3702.56752   1.15850360E+001
   3701.23374   1.21957947E+001
   3699.89997   1.28561952E+001
   3698.56619   1.35716763E+001
   3697.23241   1.43484277E+001
   3695.89863   1.51935155E+001
   3694.56485   1.61150314E+001
   3693.23108   1.71222720E+001
   3691.89730   1.82259545E+001
   3690.56352   1.94384771E+001
   3689.22974   2.07742343E+001
   3687.89597   2.22500015E+001
   3686.56219   2.38854027E+001
   3685.22841   2.57034851E+001
   3683.89463   2.77314229E+001
   3682.56085   3.00013854E+001
   3681.22708   3.25516054E+001
   3679.89330   3.54276993E+001
   3678.55952   3.86842926E+001
   3677.22574   4.23870165E+001
   3675.89196   4.66149449E+001
   3674.55819   5.14635288E+001
   3673.22441   5.70480592E+001
   3671.89063   6.35075999E+001
   3670.55685   7.10091597E+001
   3669.22307   7.97515081E+001
   3667.88930   8.99673634E+001
   3666.55552   1.01921442E+002
   3665.22174   1.15899744E+002
   3663.88796   1.32182101E+002
   3662.55418   1.50985401E+002
   3661.22041   1.72360467E+002
   3659.88663   1.96026326E+002
   3658.55285   2.21143771E+002
   3657.21907   2.46084193E+002
   3655.88530   2.68345525E+002
   3654.55152   2.84846529E+002
   3653.21774   2.92735503E+002
   3651.88396   2.90467660E+002
   3650.55018   2.78499551E+002
   3649.21641   2.59076324E+002
   3647.88263   2.35279220E+002
   3646.54885   2.10003976E+002
   3645.21507   1.85376757E+002
   3643.88129   1.62655037E+002
   3642.54752   1.42401984E+002
   3641.21374   1.24727841E+002
   3639.87996   1.09492299E+002
   3638.54618   9.64412460E+001
   3637.21240   8.52872268E+001
   3635.87863   7.57514451E+001
   3634.54485   6.75825990E+001
   3633.21107   6.05629872E+001
   3631.87729   5.45082188E+001
   3630.54351   4.92640893E+001
   3629.20974   4.47025014E+001
   3627.87596   4.07173516E+001
   3626.54218   3.72207890E+001
   3625.20840   3.41399843E+001
   3623.87462   3.14144205E+001
   3622.54085   2.89936580E+001
   3621.20707   2.68355094E+001
   3619.87329   2.49045559E+001
   3618.53951   2.31709444E+001
   3617.20574   2.16094127E+001
   3615.87196   2.01984980E+001
   3614.53818   1.89198935E+001
   3613.20440   1.77579234E+001
   3611.87062   1.66991145E+001
   3610.53685   1.57318434E+001
   3609.20307   1.48460471E+001
   3607.86929   1.40329834E+001
   3606.53551   1.32850320E+001
   3605.20173   1.25955293E+001
   3603.86796   1.19586300E+001
   3602.53418   1.13691915E+001
   3601.20040   1.08226763E+001
   3599.86662   1.03150696E+001
   3598.53284   9.84280994E+000
   3597.19907   9.40272945E+000
   3595.86529   8.99200365E+000
   3594.53151   8.60810817E+000
   3593.19773   8.24878167E+000
   3591.86395   7.91199395E+000
   3590.53018   7.59591843E+000
   3589.19640   7.29890835E+000
   3587.86262   7.01947613E+000
   3586.52884   6.75627541E+000
   3585.19507   6.50808535E+000
   3583.86129   6.27379700E+000
   3582.52751   6.05240128E+000
   3581.19373   5.84297845E+000
   3579.85995   5.64468888E+000
   3578.52618   5.45676482E+000
   3577.19240   5.27850322E+000
   3575.85862   5.10925934E+000
   3574.52484   4.94844105E+000
   3573.19106   4.79550382E+000
   3571.85729   4.64994620E+000
   3570.52351   4.51130582E+000
   3569.18973   4.37915583E+000
   3567.85595   4.25310165E+000
   3566.52217   4.13277816E+000
   3565.18840   4.01784704E+000
   3563.85462   3.90799453E+000
   3562.52084   3.80292925E+000
   3561.18706   3.70238040E+000
   3559.85328   3.60609599E+000
   3558.51951   3.51384132E+000
   3557.18573   3.42539757E+000
   3555.85195   3.34056057E+000
   3554.51817   3.25913960E+000
   3553.18439   3.18095635E+000
   3551.85062   3.10584399E+000
   3550.51684   3.03364628E+000
   3549.18306   2.96421679E+000
   3547.84928   2.89741816E+000
   3546.51551   2.83312144E+000
   3545.18173   2.77120547E+000
   3543.84795   2.71155636E+000
   3542.51417   2.65406692E+000
   3541.18039   2.59863625E+000
   3539.84662   2.54516928E+000
   3538.51284   2.49357634E+000
   3537.17906   2.44377285E+000
   3535.84528   2.39567897E+000
   3534.51150   2.34921923E+000
   3533.17773   2.30432232E+000
   3531.84395   2.26092079E+000
   3530.51017   2.21895077E+000
   3529.17639   2.17835180E+000
   3527.84261   2.13906659E+000
   3526.50884   2.10104081E+000
   3525.17506   2.06422293E+000
   3523.84128   2.02856404E+000
   3522.50750   1.99401769E+000
   3521.17372   1.96053976E+000
   3519.83995   1.92808829E+000
   3518.50617   1.89662338E+000
   3517.17239   1.86610707E+000
   3515.83861   1.83650323E+000
   3514.50483   1.80777742E+000
   3513.17106   1.77989686E+000
   3511.83728   1.75283026E+000
   3510.50350   1.72654782E+000
   3509.16972   1.70102108E+000
   3507.83595   1.67622288E+000
   3506.50217   1.65212728E+000
   3505.16839   1.62870952E+000
   3503.83461   1.60594592E+000
   3502.50083   1.58381383E+000
   3501.16706   1.56229161E+000
   3499.83328   1.54135854E+000
   3498.49950   1.52099480E+000
   3497.16572   1.50118140E+000
   3495.83194   1.48190015E+000
   3494.49817   1.46313364E+000
   3493.16439   1.44486515E+000
   3491.83061   1.42707869E+000
   3490.49683   1.40975888E+000
   3489.16305   1.39289101E+000
   3487.82928   1.37646091E+000
   3486.49550   1.36045502E+000
   3485.16172   1.34486029E+000
   3483.82794   1.32966421E+000
   3482.49416   1.31485473E+000
   3481.16039   1.30042029E+000
   3479.82661   1.28634977E+000
   3478.49283   1.27263246E+000
   3477.15905   1.25925807E+000
   3475.82528   1.24621671E+000
   3474.49150   1.23349885E+000
   3473.15772   1.22109530E+000
   3471.82394   1.20899724E+000
   3470.49016   1.19719615E+000
   3469.15639   1.18568383E+000
   3467.82261   1.17445239E+000
   3466.48883   1.16349420E+000
   3465.15505   1.15280192E+000
   3463.82127   1.14236847E+000
   3462.48750   1.13218703E+000
   3461.15372   1.12225100E+000
   3459.81994   1.11255403E+000
   3458.48616   1.10308998E+000
   3457.15238   1.09385293E+000
   3455.81861   1.08483716E+000
   3454.48483   1.07603714E+000
   3453.15105   1.06744756E+000
   3451.81727   1.05906324E+000
   3450.48349   1.05087923E+000
   3449.14972   1.04289070E+000
   3447.81594   1.03509302E+000
   3446.48216   1.02748168E+000
   3445.14838   1.02005235E+000
   3443.81460   1.01280082E+000
   3442.48083   1.00572304E+000
   3441.14705   9.98815073E-001
   3439.81327   9.92073130E-001
   3438.47949   9.85493533E-001
   3437.14572   9.79072729E-001
   3435.81194   9.72807277E-001
   3434.47816   9.66693851E-001
   3433.14438   9.60729231E-001
   3431.81060   9.54910300E-001
   3430.47683   9.49234043E-001
   3429.14305   9.43697540E-001
   3427.80927   9.38297966E-001
   3426.47549   9.33032586E-001
   3425.14171   9.27898752E-001
   3423.80794   9.22893902E-001
   3422.47416   9.18015554E-001
   3421.14038   9.13261306E-001
   3419.80660   9.08628833E-001
   3418.47282   9.04115885E-001
   3417.13905   8.99720281E-001
   3415.80527   8.95439913E-001
   3414.47149   8.91272740E-001
   3413.13771   8.87216784E-001
   3411.80393   8.83270134E-001
   3410.47016   8.79430938E-001
   3409.13638   8.75697407E-001
   3407.80260   8.72067806E-001
   3406.46882   8.68540460E-001
   3405.13505   8.65113748E-001
   3403.80127   8.61786101E-001
   3402.46749   8.58556005E-001
   3401.13371   8.55421992E-001
   3399.79993   8.52382647E-001
   3398.46616   8.49436603E-001
   3397.13238   8.46582536E-001
   3395.79860   8.43819171E-001
   3394.46482   8.41145276E-001
   3393.13104   8.38559662E-001
   3391.79727   8.36061183E-001
   3390.46349   8.33648733E-001
   3389.12971   8.31321249E-001
   3387.79593   8.29077704E-001
   3386.46215   8.26917111E-001
   3385.12838   8.24838520E-001
   3383.79460   8.22841020E-001
   3382.46082   8.20923733E-001
   3381.12704   8.19085819E-001
   3379.79326   8.17326472E-001
   3378.45949   8.15644918E-001
   3377.12571   8.14040419E-001
   3375.79193   8.12512269E-001
   3374.45815   8.11059795E-001
   3373.12437   8.09682353E-001
   3371.79060   8.08379333E-001
   3370.45682   8.07150156E-001
   3369.12304   8.05994271E-001
   3367.78926   8.04911159E-001
   3366.45549   8.03900329E-001
   3365.12171   8.02961321E-001
   3363.78793   8.02093702E-001
   3362.45415   8.01297068E-001
   3361.12037   8.00571045E-001
   3359.78660   7.99915283E-001
   3358.45282   7.99329465E-001
   3357.11904   7.98813297E-001
   3355.78526   7.98366516E-001
   3354.45148   7.97988882E-001
   3353.11771   7.97680186E-001
   3351.78393   7.97440244E-001
   3350.45015   7.97268900E-001
   3349.11637   7.97166022E-001
   3347.78259   7.97131509E-001
   3346.44882   7.97165283E-001
   3345.11504   7.97267295E-001
   3343.78126   7.97437522E-001
   3342.44748   7.97675967E-001
   3341.11370   7.97982662E-001
   3339.77993   7.98357663E-001
   3338.44615   7.98801056E-001
   3337.11237   7.99312953E-001
   3335.77859   7.99893492E-001
   3334.44481   8.00542842E-001
   3333.11104   8.01261197E-001
   3331.77726   8.02048780E-001
   3330.44348   8.02905843E-001
   3329.10970   8.03832666E-001
   3327.77593   8.04829558E-001
   3326.44215   8.05896858E-001
   3325.10837   8.07034935E-001
   3323.77459   8.08244187E-001
   3322.44081   8.09525044E-001
   3321.10704   8.10877966E-001
   3319.77326   8.12303447E-001
   3318.43948   8.13802011E-001
   3317.10570   8.15374215E-001
   3315.77192   8.17020651E-001
   3314.43815   8.18741945E-001
   3313.10437   8.20538757E-001
   3311.77059   8.22411783E-001
   3310.43681   8.24361755E-001
   3309.10303   8.26389445E-001
   3307.76926   8.28495659E-001
   3306.43548   8.30681247E-001
   3305.10170   8.32947094E-001
   3303.76792   8.35294131E-001
   3302.43414   8.37723329E-001
   3301.10037   8.40235702E-001
   3299.76659   8.42832310E-001
   3298.43281   8.45514259E-001
   3297.09903   8.48282701E-001
   3295.76526   8.51138839E-001
   3294.43148   8.54083924E-001
   3293.09770   8.57119261E-001
   3291.76392   8.60246207E-001
   3290.43014   8.63466175E-001
   3289.09637   8.66780636E-001
   3287.76259   8.70191117E-001
   3286.42881   8.73699209E-001
   3285.09503   8.77306566E-001
   3283.76125   8.81014906E-001
   3282.42748   8.84826016E-001
   3281.09370   8.88741753E-001
   3279.75992   8.92764046E-001
   3278.42614   8.96894901E-001
   3277.09236   9.01136402E-001
   3275.75859   9.05490714E-001
   3274.42481   9.09960088E-001
   3273.09103   9.14546862E-001
   3271.75725   9.19253467E-001
   3270.42347   9.24082427E-001
   3269.08970   9.29036369E-001
   3267.75592   9.34118020E-001
   3266.42214   9.39330218E-001
   3265.08836   9.44675913E-001
   3263.75458   9.50158170E-001
   3262.42081   9.55780179E-001
   3261.08703   9.61545260E-001
   3259.75325   9.67456863E-001
   3258.41947   9.73518581E-001
   3257.08570   9.79734152E-001
   3255.75192   9.86107469E-001
   3254.41814   9.92642586E-001
   3253.08436   9.99343723E-001
   3251.75058   1.00621528E+000
   3250.41681   1.01326184E+000
   3249.08303   1.02048818E+000
   3247.74925   1.02789928E+000
   3246.41547   1.03550035E+000
   3245.08169   1.04329679E+000
   3243.74792   1.05129429E+000
   3242.41414   1.05949873E+000
   3241.08036   1.06791631E+000
   3239.74658   1.07655347E+000
   3238.41280   1.08541695E+000
   3237.07903   1.09451381E+000
   3235.74525   1.10385142E+000
   3234.41147   1.11343751E+000
   3233.07769   1.12328017E+000
   3231.74391   1.13338788E+000
   3230.41014   1.14376950E+000
   3229.07636   1.15443435E+000
   3227.74258   1.16539221E+000
   3226.40880   1.17665333E+000
   3225.07503   1.18822848E+000
   3223.74125   1.20012899E+000
   3222.40747   1.21236675E+000
   3221.07369   1.22495429E+000
   3219.73991   1.23790479E+000
   3218.40614   1.25123213E+000
   3217.07236   1.26495095E+000
   3215.73858   1.27907669E+000
   3214.40480   1.29362564E+000
   3213.07102   1.30861500E+000
   3211.73725   1.32406295E+000
   3210.40347   1.33998873E+000
   3209.06969   1.35641269E+000
   3207.73591   1.37335639E+000
   3206.40213   1.39084269E+000
   3205.06836   1.40889584E+000
   3203.73458   1.42754158E+000
   3202.40080   1.44680728E+000
   3201.06702   1.46672204E+000
   3199.73324   1.48731684E+000
   3198.39947   1.50862470E+000
   3197.06569   1.53068085E+000
   3195.73191   1.55352288E+000
   3194.39813   1.57719099E+000
   3193.06435   1.60172818E+000
   3191.73058   1.62718050E+000
   3190.39680   1.65359734E+000
   3189.06302   1.68103170E+000
   3187.72924   1.70954058E+000
   3186.39547   1.73918528E+000
   3185.06169   1.77003186E+000
   3183.72791   1.80215159E+000
   3182.39413   1.83562145E+000
   3181.06035   1.87052474E+000
   3179.72658   1.90695168E+000
   3178.39280   1.94500015E+000
   3177.05902   1.98477651E+000
   3175.72524   2.02639652E+000
   3174.39146   2.06998636E+000
   3173.05769   2.11568380E+000
   3171.72391   2.16363954E+000
   3170.39013   2.21401872E+000
   3169.05635   2.26700263E+000
   3167.72257   2.32279070E+000
   3166.38880   2.38160273E+000
   3165.05502   2.44368149E+000
   3163.72124   2.50929569E+000
   3162.38746   2.57874344E+000
   3161.05368   2.65235623E+000
   3159.71991   2.73050354E+000
   3158.38613   2.81359822E+000
   3157.05235   2.90210286E+000
   3155.71857   2.99653709E+000
   3154.38479   3.09748632E+000
   3153.05102   3.20561195E+000
   3151.71724   3.32166357E+000
   3150.38346   3.44649333E+000
   3149.04968   3.58107316E+000
   3147.71591   3.72651543E+000
   3146.38213   3.88409763E+000
   3145.04835   4.05529232E+000
   3143.71457   4.24180320E+000
   3142.38079   4.44560912E+000
   3141.04702   4.66901758E+000
   3139.71324   4.91473029E+000
   3138.37946   5.18592349E+000
   3137.04568   5.48634676E+000
   3135.71190   5.82044469E+000
   3134.37813   6.19350666E+000
   3133.04435   6.61185106E+000
   3131.71057   7.08305090E+000
   3130.37679   7.61620785E+000
   3129.04301   8.22228021E+000
   3127.70924   8.91446593E+000
   3126.37546   9.70863023E+000
   3125.04168   1.06237443E+001
   3123.70790   1.16822556E+001
   3122.37412   1.29102238E+001
   3121.04035   1.43369056E+001
   3119.70657   1.59932172E+001
   3118.37279   1.79081210E+001
   3117.03901   2.01015130E+001
   3115.70524   2.25718663E+001
   3114.37146   2.52774518E+001
   3113.03768   2.81128280E+001
   3111.70390   3.08890655E+001
   3110.37012   3.33356696E+001
   3109.03635   3.51455963E+001
   3107.70257   3.60669225E+001
   3106.36879   3.60042729E+001
   3105.03501   3.50656270E+001
   3103.70123   3.35192199E+001
   3102.36746   3.16921278E+001
   3101.03368   2.98755761E+001
   3099.69990   2.82761622E+001
   3098.36612   2.70098030E+001
   3097.03234   2.61159015E+001
   3095.69857   2.55730832E+001
   3094.36479   2.53092074E+001
   3093.03101   2.52079393E+001
   3091.69723   2.51199421E+001
   3090.36345   2.48875340E+001
   3089.02968   2.43843518E+001
   3087.69590   2.35560142E+001
   3086.36212   2.24366777E+001
   3085.02834   2.11280261E+001
   3083.69456   1.97551205E+001
   3082.36079   1.84269960E+001
   3081.02701   1.72179751E+001
   3079.69323   1.61676221E+001
   3078.35945   1.52896791E+001
   3077.02568   1.45822360E+001
   3075.69190   1.40356781E+001
   3074.35812   1.36378431E+001
   3073.02434   1.33769710E+001
   3071.69056   1.32432191E+001
   3070.35679   1.32293548E+001
   3069.02301   1.33310307E+001
   3067.68923   1.35468869E+001
   3066.35545   1.38786182E+001
   3065.02167   1.43310870E+001
   3063.68790   1.49125240E+001
   3062.35412   1.56348470E+001
   3061.02034   1.65141153E+001
   3059.68656   1.75711290E+001
   3058.35278   1.88321715E+001
   3057.01901   2.03298631E+001
   3055.68523   2.21040387E+001
   3054.35145   2.42024524E+001
   3053.01767   2.66809050E+001
   3051.68389   2.96020289E+001
   3050.35012   3.30313551E+001
   3049.01634   3.70283818E+001
   3047.68256   4.16292383E+001
   3046.34878   4.68168280E+001
   3045.01501   5.24758289E+001
   3043.68123   5.83372648E+001
   3042.34745   6.39344659E+001
   3041.01367   6.86157376E+001
   3039.67989   7.16648593E+001
   3038.34612   7.25289557E+001
   3037.01234   7.10484745E+001
   3035.67856   6.75313043E+001
   3034.34478   6.26129717E+001
   3033.01100   5.70098021E+001
   3031.67723   5.13202176E+001
   3030.34345   4.59436980E+001
   3029.00967   4.10929248E+001
   3027.67589   3.68454375E+001
   3026.34211   3.31969807E+001
   3025.00834   3.01015123E+001
   3023.67456   2.74965006E+001
   3022.34078   2.53170512E+001
   3021.00700   2.35028686E+001
   3019.67322   2.20010861E+001
   3018.33945   2.07669121E+001
   3017.00567   1.97632352E+001
   3015.67189   1.89598113E+001
   3014.33811   1.83323522E+001
   3013.00433   1.78616699E+001
   3011.67056   1.75329367E+001
   3010.33678   1.73350829E+001
   3009.00300   1.72603282E+001
   3007.66922   1.73038389E+001
   3006.33545   1.74635009E+001
   3005.00167   1.77397984E+001
   3003.66789   1.81357960E+001
   3002.33411   1.86572208E+001
   3001.00033   1.93126503E+001
   2999.66656   2.01138124E+001
   2998.33278   2.10760135E+001
   2996.99900   2.22187107E+001
   2995.66522   2.35662512E+001
   2994.33144   2.51488033E+001
   2992.99767   2.70035004E+001
   2991.66389   2.91758054E+001
   2990.33011   3.17210694E+001
   2988.99633   3.47061837E+001
   2987.66255   3.82110746E+001
   2986.32878   4.23295070E+001
   2984.99500   4.71681500E+001
   2983.66122   5.28419821E+001
   2982.32744   5.94627353E+001
   2980.99366   6.71152045E+001
   2979.65989   7.58144982E+001
   2978.32611   8.54378431E+001
   2976.99233   9.56324525E+001
   2975.65855   1.05723710E+002
   2974.32477   1.14687122E+002
   2972.99100   1.21277556E+002
   2971.65722   1.24365092E+002
   2970.32344   1.23367983E+002
   2968.98966   1.18515914E+002
   2967.65589   1.10743583E+002
   2966.32211   1.01298208E+002
   2964.98833   9.13342153E+001
   2963.65455   8.16897657E+001
   2962.32077   7.28554068E+001
   2960.98700   6.50476006E+001
   2959.65322   5.83058146E+001
   2958.31944   5.25726813E+001
   2956.98566   4.77477114E+001
   2955.65188   4.37187235E+001
   2954.31811   4.03781842E+001
   2952.98433   3.76305153E+001
   2951.65055   3.53944721E+001
   2950.31677   3.36030732E+001
   2948.98299   3.22024732E+001
   2947.64922   3.11505148E+001
   2946.31544   3.04153255E+001
   2944.98166   2.99741242E+001
   2943.64788   2.98123030E+001
   2942.31410   2.99228051E+001
   2940.98033   3.03057974E+001
   2939.64655   3.09686394E+001
   2938.31277   3.19261494E+001
   2936.97899   3.32011799E+001
   2935.64522   3.48255181E+001
   2934.31144   3.68411285E+001
   2932.97766   3.93017459E+001
   2931.64388   4.22747904E+001
   2930.31010   4.58434962E+001
   2928.97633   5.01089781E+001
   2927.64255   5.51916350E+001
   2926.30877   6.12306965E+001
   2924.97499   6.83796769E+001
   2923.64121   7.67938264E+001
   2922.30744   8.66032549E+001
   2920.97366   9.78627695E+001
   2919.63988   1.10468774E+002
   2918.30610   1.24040502E+002
   2916.97232   1.37787186E+002
   2915.63855   1.50431409E+002
   2914.30477   1.60311042E+002
   2912.97099   1.65761808E+002
   2911.63721   1.65705782E+002
   2910.30343   1.60122246E+002
   2908.96966   1.50056969E+002
   2907.63588   1.37162598E+002
   2906.30210   1.23107646E+002
   2904.96832   1.09184082E+002
   2903.63454   9.61968706E+001
   2902.30077   8.45366846E+001
   2900.96699   7.43122747E+001
   2899.63321   6.54702545E+001
   2898.29943   5.78794198E+001
   2896.96566   5.13818458E+001
   2895.63188   4.58203452E+001
   2894.29810   4.10513216E+001
   2892.96432   3.69494337E+001
   2891.63054   3.34080477E+001
   2890.29677   3.03377569E+001
   2888.96299   2.76641847E+001
   2887.62921   2.53256803E+001
   2886.29543   2.32711852E+001
   2884.96165   2.14583730E+001
   2883.62788   1.98520802E+001
   2882.29410   1.84230078E+001
   2880.96032   1.71466590E+001
   2879.62654   1.60024751E+001
   2878.29276   1.49731339E+001
   2876.95899   1.40439818E+001
   2875.62521   1.32025726E+001
   2874.29143   1.24382923E+001
   2872.95765   1.17420542E+001
   2871.62387   1.11060486E+001
   2870.29010   1.05235385E+001
   2868.95632   9.98869113E+000
   2867.62254   9.49643845E+000
   2866.28876   9.04236223E+000
   2864.95498   8.62259790E+000
   2863.62121   8.23375447E+000
   2862.28743   7.87284745E+000
   2860.95365   7.53724232E+000
   2859.61987   7.22460697E+000
   2858.28610   6.93287130E+000
   2856.95232   6.66019298E+000
   2855.61854   6.40492822E+000
   2854.28476   6.16560682E+000
   2852.95098   5.94091073E+000
   2851.61721   5.72965563E+000
   2850.28343   5.53077505E+000
   2848.94965   5.34330661E+000
   2847.61587   5.16638010E+000
   2846.28209   4.99920710E+000
   2844.94832   4.84107197E+000
   2843.61454   4.69132390E+000
   2842.28076   4.54937004E+000
   2840.94698   4.41466937E+000
   2839.61320   4.28672740E+000
   2838.27943   4.16509140E+000
   2836.94565   4.04934627E+000
   2835.61187   3.93911081E+000
   2834.27809   3.83403448E+000
   2832.94431   3.73379446E+000
   2831.61054   3.63809305E+000
   2830.27676   3.54665536E+000
   2828.94298   3.45922724E+000
   2827.60920   3.37557341E+000
   2826.27543   3.29547582E+000
   2824.94165   3.21873213E+000
   2823.60787   3.14515438E+000
   2822.27409   3.07456776E+000
   2820.94031   3.00680952E+000
   2819.60654   2.94172799E+000
   2818.27276   2.87918167E+000
   2816.93898   2.81903843E+000
   2815.60520   2.76117476E+000
   2814.27142   2.70547508E+000
   2812.93765   2.65183120E+000
   2811.60387   2.60014166E+000
   2810.27009   2.55031133E+000
   2808.93631   2.50225086E+000
   2807.60253   2.45587629E+000
   2806.26876   2.41110869E+000
   2804.93498   2.36787374E+000
   2803.60120   2.32610145E+000
   2802.26742   2.28572587E+000
   2800.93364   2.24668476E+000
   2799.59987   2.20891939E+000
   2798.26609   2.17237428E+000
   2796.93231   2.13699697E+000
   2795.59853   2.10273786E+000
   2794.26475   2.06955001E+000
   2792.93098   2.03738895E+000
   2791.59720   2.00621254E+000
   2790.26342   1.97598081E+000
   2788.92964   1.94665587E+000
   2787.59587   1.91820172E+000
   2786.26209   1.89058416E+000
   2784.92831   1.86377072E+000
   2783.59453   1.83773048E+000
   2782.26075   1.81243406E+000
   2780.92698   1.78785346E+000
   2779.59320   1.76396204E+000
   2778.25942   1.74073440E+000
   2776.92564   1.71814632E+000
   2775.59186   1.69617470E+000
   2774.25809   1.67479752E+000
   2772.92431   1.65399372E+000
   2771.59053   1.63374321E+000
   2770.25675   1.61402679E+000
   2768.92297   1.59482610E+000
   2767.58920   1.57612357E+000
   2766.25542   1.55790240E+000
   2764.92164   1.54014653E+000
   2763.58786   1.52284053E+000
   2762.25408   1.50596968E+000
   2760.92031   1.48951982E+000
   2759.58653   1.47347740E+000
   2758.25275   1.45782944E+000
   2756.91897   1.44256344E+000
   2755.58520   1.42766746E+000
   2754.25142   1.41312998E+000
   2752.91764   1.39893999E+000
   2751.58386   1.38508687E+000
   2750.25008   1.37156043E+000
   2748.91631   1.35835087E+000
   2747.58253   1.34544878E+000
   2746.24875   1.33284507E+000
   2744.91497   1.32053104E+000
   2743.58119   1.30849828E+000
   2742.24742   1.29673870E+000
   2740.91364   1.28524452E+000
   2739.57986   1.27400823E+000
   2738.24608   1.26302259E+000
   2736.91230   1.25228063E+000
   2735.57853   1.24177563E+000
   2734.24475   1.23150110E+000
   2732.91097   1.22145077E+000
   2731.57719   1.21161862E+000
   2730.24341   1.20199879E+000
   2728.90964   1.19258567E+000
   2727.57586   1.18337382E+000
   2726.24208   1.17435797E+000
   2724.90830   1.16553305E+000
   2723.57452   1.15689416E+000
   2722.24075   1.14843653E+000
   2720.90697   1.14015559E+000
   2719.57319   1.13204690E+000
   2718.23941   1.12410615E+000
   2716.90564   1.11632920E+000
   2715.57186   1.10871201E+000
   2714.23808   1.10125069E+000
   2712.90430   1.09394147E+000
   2711.57052   1.08678069E+000
   2710.23675   1.07976481E+000
   2708.90297   1.07289041E+000
   2707.56919   1.06615416E+000
   2706.23541   1.05955283E+000
   2704.90163   1.05308329E+000
   2703.56786   1.04674253E+000
   2702.23408   1.04052760E+000
   2700.90030   1.03443564E+000
   2699.56652   1.02846389E+000
   2698.23274   1.02260967E+000
   2696.89897   1.01687037E+000
   2695.56519   1.01124345E+000
   2694.23141   1.00572645E+000
   2692.89763   1.00031700E+000
   2691.56385   9.95012771E-001
   2690.23008   9.89811511E-001
   2688.89630   9.84711031E-001
   2687.56252   9.79709204E-001
   2686.22874   9.74803962E-001
   2684.89496   9.69993295E-001
   2683.56119   9.65275247E-001
   2682.22741   9.60647918E-001
   2680.89363   9.56109458E-001
   2679.55985   9.51658069E-001
   2678.22608   9.47292000E-001
   2676.89230   9.43009549E-001
   2675.55852   9.38809058E-001
   2674.22474   9.34688914E-001
   2672.89096   9.30647546E-001
   2671.55719   9.26683425E-001
   2670.22341   9.22795063E-001
   2668.88963   9.18981008E-001
   2667.55585   9.15239848E-001
   2666.22207   9.11570207E-001
   2664.88830   9.07970745E-001
   2663.55452   9.04440155E-001
   2662.22074   9.00977163E-001
   2660.88696   8.97580529E-001
   2659.55318   8.94249042E-001
   2658.21941   8.90981525E-001
   2656.88563   8.87776825E-001
   2655.55185   8.84633824E-001
   2654.21807   8.81551425E-001
   2652.88429   8.78528564E-001
   2651.55052   8.75564200E-001
   2650.21674   8.72657316E-001
   2648.88296   8.69806924E-001
   2647.54918   8.67012055E-001
   2646.21541   8.64271768E-001
   2644.88163   8.61585141E-001
   2643.54785   8.58951276E-001
   2642.21407   8.56369296E-001
   2640.88029   8.53838344E-001
   2639.54652   8.51357584E-001
   2638.21274   8.48926199E-001
   2636.87896   8.46543391E-001
   2635.54518   8.44208383E-001
   2634.21140   8.41920412E-001
   2632.87763   8.39678736E-001
   2631.54385   8.37482629E-001
   2630.21007   8.35331380E-001
   2628.87629   8.33224298E-001
   2627.54251   8.31160704E-001
   2626.20874   8.29139937E-001
   2624.87496   8.27161349E-001
   2623.54118   8.25224308E-001
   2622.20740   8.23328196E-001
   2620.87362   8.21472409E-001
   2619.53985   8.19656354E-001
   2618.20607   8.17879456E-001
   2616.87229   8.16141148E-001
   2615.53851   8.14440879E-001
   2614.20473   8.12778107E-001
   2612.87096   8.11152306E-001
   2611.53718   8.09562957E-001
   2610.20340   8.08009556E-001
   2608.86962   8.06491607E-001
   2607.53585   8.05008628E-001
   2606.20207   8.03560145E-001
   2604.86829   8.02145694E-001
   2603.53451   8.00764824E-001
   2602.20073   7.99417090E-001
   2600.86696   7.98102059E-001
   2599.53318   7.96819306E-001
   2598.19940   7.95568417E-001
   2596.86562   7.94348983E-001
   2595.53184   7.93160608E-001
   2594.19807   7.92002902E-001
   2592.86429   7.90875484E-001
   2591.53051   7.89777980E-001
   2590.19673   7.88710026E-001
   2588.86295   7.87671264E-001
   2587.52918   7.86661343E-001
   2586.19540   7.85679921E-001
   2584.86162   7.84726663E-001
   2583.52784   7.83801239E-001
   2582.19406   7.82903329E-001
   2580.86029   7.82032618E-001
   2579.52651   7.81188796E-001
   2578.19273   7.80371563E-001
   2576.85895   7.79580622E-001
   2575.52518   7.78815685E-001
   2574.19140   7.78076467E-001
   2572.85762   7.77362692E-001
   2571.52384   7.76674087E-001
   2570.19006   7.76010386E-001
   2568.85629   7.75371329E-001
   2567.52251   7.74756661E-001
   2566.18873   7.74166131E-001
   2564.85495   7.73599495E-001
   2563.52117   7.73056513E-001
   2562.18740   7.72536950E-001
   2560.85362   7.72040578E-001
   2559.51984   7.71567170E-001
   2558.18606   7.71116507E-001
   2556.85228   7.70688372E-001
   2555.51851   7.70282555E-001
   2554.18473   7.69898849E-001
   2552.85095   7.69537051E-001
   2551.51717   7.69196962E-001
   2550.18339   7.68878389E-001
   2548.84962   7.68581142E-001
   2547.51584   7.68305035E-001
   2546.18206   7.68049885E-001
   2544.84828   7.67815514E-001
   2543.51450   7.67601747E-001
   2542.18073   7.67408415E-001
   2540.84695   7.67235349E-001
   2539.51317   7.67082386E-001
   2538.17939   7.66949366E-001
   2536.84562   7.66836132E-001
   2535.51184   7.66742531E-001
   2534.17806   7.66668413E-001
   2532.84428   7.66613631E-001
   2531.51050   7.66578041E-001
   2530.17673   7.66561503E-001
   2528.84295   7.66563881E-001
   2527.50917   7.66585038E-001
   2526.17539   7.66624845E-001
   2524.84161   7.66683173E-001
   2523.50784   7.66759896E-001
   2522.17406   7.66854892E-001
   2520.84028   7.66968041E-001
   2519.50650   7.67099225E-001
   2518.17272   7.67248330E-001
   2516.83895   7.67415245E-001
   2515.50517   7.67599859E-001
   2514.17139   7.67802068E-001
   2512.83761   7.68021765E-001
   2511.50383   7.68258851E-001
   2510.17006   7.68513224E-001
   2508.83628   7.68784790E-001
   2507.50250   7.69073453E-001
   2506.16872   7.69379122E-001
   2504.83494   7.69701705E-001
   2503.50117   7.70041117E-001
   2502.16739   7.70397272E-001
   2500.83361   7.70770086E-001
   2499.49983   7.71159479E-001
   2498.16606   7.71565372E-001
   2496.83228   7.71987689E-001
   2495.49850   7.72426354E-001
   2494.16472   7.72881295E-001
   2492.83094   7.73352442E-001
   2491.49717   7.73839726E-001
   2490.16339   7.74343080E-001
   2488.82961   7.74862441E-001
   2487.49583   7.75397745E-001
   2486.16205   7.75948931E-001
   2484.82828   7.76515941E-001
   2483.49450   7.77098717E-001
   2482.16072   7.77697204E-001
   2480.82694   7.78311349E-001
   2479.49316   7.78941099E-001
   2478.15939   7.79586406E-001
   2476.82561   7.80247220E-001
   2475.49183   7.80923495E-001
   2474.15805   7.81615187E-001
   2472.82427   7.82322252E-001
   2471.49050   7.83044649E-001
   2470.15672   7.83782337E-001
   2468.82294   7.84535280E-001
   2467.48916   7.85303439E-001
   2466.15539   7.86086780E-001
   2464.82161   7.86885270E-001
   2463.48783   7.87698877E-001
   2462.15405   7.88527570E-001
   2460.82027   7.89371320E-001
   2459.48650   7.90230101E-001
   2458.15272   7.91103886E-001
   2456.81894   7.91992651E-001
   2455.48516   7.92896373E-001
   2454.15138   7.93815030E-001
   2452.81761   7.94748604E-001
   2451.48383   7.95697075E-001
   2450.15005   7.96660426E-001
   2448.81627   7.97638641E-001
   2447.48249   7.98631707E-001
   2446.14872   7.99639609E-001
   2444.81494   8.00662338E-001
   2443.48116   8.01699882E-001
   2442.14738   8.02752233E-001
   2440.81360   8.03819384E-001
   2439.47983   8.04901327E-001
   2438.14605   8.05998060E-001
   2436.81227   8.07109577E-001
   2435.47849   8.08235877E-001
   2434.14471   8.09376960E-001
   2432.81094   8.10532825E-001
   2431.47716   8.11703475E-001
   2430.14338   8.12888912E-001
   2428.80960   8.14089142E-001
   2427.47583   8.15304169E-001
   2426.14205   8.16534000E-001
   2424.80827   8.17778645E-001
   2423.47449   8.19038111E-001
   2422.14071   8.20312411E-001
   2420.80694   8.21601556E-001
   2419.47316   8.22905558E-001
   2418.13938   8.24224434E-001
   2416.80560   8.25558197E-001
   2415.47182   8.26906866E-001
   2414.13805   8.28270459E-001
   2412.80427   8.29648994E-001
   2411.47049   8.31042493E-001
   2410.13671   8.32450977E-001
   2408.80293   8.33874470E-001
   2407.46916   8.35312996E-001
   2406.13538   8.36766580E-001
   2404.80160   8.38235249E-001
   2403.46782   8.39719031E-001
   2402.13404   8.41217955E-001
   2400.80027   8.42732052E-001
   2399.46649   8.44261353E-001
   2398.13271   8.45805892E-001
   2396.79893   8.47365701E-001
   2395.46516   8.48940817E-001
   2394.13138   8.50531276E-001
   2392.79760   8.52137116E-001
   2391.46382   8.53758375E-001
   2390.13004   8.55395093E-001
   2388.79627   8.57047313E-001
   2387.46249   8.58715077E-001
   2386.12871   8.60398428E-001
   2384.79493   8.62097411E-001
   2383.46115   8.63812073E-001
   2382.12738   8.65542462E-001
   2380.79360   8.67288625E-001
   2379.45982   8.69050613E-001
   2378.12604   8.70828478E-001
   2376.79226   8.72622271E-001
   2375.45849   8.74432046E-001
   2374.12471   8.76257859E-001
   2372.79093   8.78099765E-001
   2371.45715   8.79957822E-001
   2370.12337   8.81832089E-001
   2368.78960   8.83722625E-001
   2367.45582   8.85629493E-001
   2366.12204   8.87552754E-001
   2364.78826   8.89492472E-001
   2363.45448   8.91448713E-001
   2362.12071   8.93421543E-001
   2360.78693   8.95411030E-001
   2359.45315   8.97417242E-001
   2358.11937   8.99440251E-001
   2356.78560   9.01480128E-001
   2355.45182   9.03536946E-001
   2354.11804   9.05610779E-001
   2352.78426   9.07701703E-001
   2351.45048   9.09809795E-001
   2350.11671   9.11935134E-001
   2348.78293   9.14077800E-001
   2347.44915   9.16237873E-001
   2346.11537   9.18415436E-001
   2344.78159   9.20610574E-001
   2343.44782   9.22823371E-001
   2342.11404   9.25053915E-001
   2340.78026   9.27302294E-001
   2339.44648   9.29568598E-001
   2338.11270   9.31852917E-001
   2336.77893   9.34155345E-001
   2335.44515   9.36475975E-001
   2334.11137   9.38814903E-001
   2332.77759   9.41172226E-001
   2331.44381   9.43548043E-001
   2330.11004   9.45942454E-001
   2328.77626   9.48355561E-001
   2327.44248   9.50787466E-001
   2326.10870   9.53238275E-001
   2324.77492   9.55708094E-001
   2323.44115   9.58197031E-001
   2322.10737   9.60705195E-001
   2320.77359   9.63232698E-001
   2319.43981   9.65779652E-001
   2318.10604   9.68346172E-001
   2316.77226   9.70932374E-001
   2315.43848   9.73538375E-001
   2314.10470   9.76164296E-001
   2312.77092   9.78810257E-001
   2311.43715   9.81476381E-001
   2310.10337   9.84162794E-001
   2308.76959   9.86869621E-001
   2307.43581   9.89596990E-001
   2306.10203   9.92345032E-001
   2304.76826   9.95113879E-001
   2303.43448   9.97903664E-001
   2302.10070   1.00071452E+000
   2300.76692   1.00354659E+000
   2299.43314   1.00640001E+000
   2298.09937   1.00927492E+000
   2296.76559   1.01217147E+000
   2295.43181   1.01508980E+000
   2294.09803   1.01803005E+000
   2292.76425   1.02099238E+000
   2291.43048   1.02397694E+000
   2290.09670   1.02698388E+000
   2288.76292   1.03001335E+000
   2287.42914   1.03306552E+000
   2286.09537   1.03614054E+000
   2284.76159   1.03923857E+000
   2283.42781   1.04235978E+000
   2282.09403   1.04550434E+000
   2280.76025   1.04867241E+000
   2279.42648   1.05186416E+000
   2278.09270   1.05507977E+000
   2276.75892   1.05831940E+000
   2275.42514   1.06158325E+000
   2274.09136   1.06487148E+000
   2272.75759   1.06818428E+000
   2271.42381   1.07152184E+000
   2270.09003   1.07488434E+000
   2268.75625   1.07827197E+000
   2267.42247   1.08168493E+000
   2266.08870   1.08512340E+000
   2264.75492   1.08858758E+000
   2263.42114   1.09207768E+000
   2262.08736   1.09559390E+000
   2260.75358   1.09913644E+000
   2259.41981   1.10270551E+000
   2258.08603   1.10630132E+000
   2256.75225   1.10992409E+000
   2255.41847   1.11357402E+000
   2254.08469   1.11725135E+000
   2252.75092   1.12095629E+000
   2251.41714   1.12468906E+000
   2250.08336   1.12844990E+000
   2248.74958   1.13223903E+000
   2247.41581   1.13605669E+000
   2246.08203   1.13990312E+000
   2244.74825   1.14377855E+000
   2243.41447   1.14768324E+000
   2242.08069   1.15161742E+000
   2240.74692   1.15558135E+000
   2239.41314   1.15957528E+000
   2238.07936   1.16359946E+000
   2236.74558   1.16765416E+000
   2235.41180   1.17173965E+000
   2234.07803   1.17585618E+000
   2232.74425   1.18000403E+000
   2231.41047   1.18418348E+000
   2230.07669   1.18839480E+000
   2228.74291   1.19263827E+000
   2227.40914   1.19691418E+000
   2226.07536   1.20122282E+000
   2224.74158   1.20556448E+000
   2223.40780   1.20993946E+000
   2222.07402   1.21434806E+000
   2220.74025   1.21879059E+000
   2219.40647   1.22326736E+000
   2218.07269   1.22777868E+000
   2216.73891   1.23232486E+000
   2215.40514   1.23690624E+000
   2214.07136   1.24152313E+000
   2212.73758   1.24617588E+000
   2211.40380   1.25086481E+000
   2210.07002   1.25559027E+000
   2208.73625   1.26035260E+000
   2207.40247   1.26515215E+000
   2206.06869   1.26998928E+000
   2204.73491   1.27486435E+000
   2203.40113   1.27977772E+000
   2202.06736   1.28472976E+000
   2200.73358   1.28972085E+000
   2199.39980   1.29475137E+000
   2198.06602   1.29982170E+000
   2196.73224   1.30493224E+000
   2195.39847   1.31008337E+000
   2194.06469   1.31527552E+000
   2192.73091   1.32050907E+000
   2191.39713   1.32578445E+000
   2190.06335   1.33110208E+000
   2188.72958   1.33646238E+000
   2187.39580   1.34186578E+000
   2186.06202   1.34731272E+000
   2184.72824   1.35280365E+000
   2183.39446   1.35833901E+000
   2182.06069   1.36391927E+000
   2180.72691   1.36954489E+000
   2179.39313   1.37521633E+000
   2178.05935   1.38093407E+000
   2176.72558   1.38669861E+000
   2175.39180   1.39251043E+000
   2174.05802   1.39837002E+000
   2172.72424   1.40427790E+000
   2171.39046   1.41023458E+000
   2170.05669   1.41624058E+000
   2168.72291   1.42229643E+000
   2167.38913   1.42840266E+000
   2166.05535   1.43455981E+000
   2164.72157   1.44076845E+000
   2163.38780   1.44702914E+000
   2162.05402   1.45334243E+000
   2160.72024   1.45970891E+000
   2159.38646   1.46612917E+000
   2158.05268   1.47260380E+000
   2156.71891   1.47913341E+000
   2155.38513   1.48571860E+000
   2154.05135   1.49236001E+000
   2152.71757   1.49905827E+000
   2151.38379   1.50581401E+000
   2150.05002   1.51262789E+000
   2148.71624   1.51950057E+000
   2147.38246   1.52643273E+000
   2146.04868   1.53342505E+000
   2144.71490   1.54047822E+000
   2143.38113   1.54759295E+000
   2142.04735   1.55476995E+000
   2140.71357   1.56200995E+000
   2139.37979   1.56931369E+000
   2138.04602   1.57668192E+000
   2136.71224   1.58411540E+000
   2135.37846   1.59161490E+000
   2134.04468   1.59918122E+000
   2132.71090   1.60681515E+000
   2131.37713   1.61451750E+000
   2130.04335   1.62228910E+000
   2128.70957   1.63013079E+000
   2127.37579   1.63804342E+000
   2126.04201   1.64602786E+000
   2124.70824   1.65408498E+000
   2123.37446   1.66221569E+000
   2122.04068   1.67042090E+000
   2120.70690   1.67870152E+000
   2119.37312   1.68705850E+000
   2118.03935   1.69549280E+000
   2116.70557   1.70400538E+000
   2115.37179   1.71259724E+000
   2114.03801   1.72126938E+000
   2112.70423   1.73002283E+000
   2111.37046   1.73885861E+000
   2110.03668   1.74777780E+000
   2108.70290   1.75678147E+000
   2107.36912   1.76587070E+000
   2106.03535   1.77504662E+000
   2104.70157   1.78431035E+000
   2103.36779   1.79366305E+000
   2102.03401   1.80310589E+000
   2100.70023   1.81264005E+000
   2099.36646   1.82226677E+000
   2098.03268   1.83198725E+000
   2096.69890   1.84180278E+000
   2095.36512   1.85171462E+000
   2094.03134   1.86172407E+000
   2092.69757   1.87183247E+000
   2091.36379   1.88204115E+000
   2090.03001   1.89235150E+000
   2088.69623   1.90276490E+000
   2087.36245   1.91328279E+000
   2086.02868   1.92390662E+000
   2084.69490   1.93463785E+000
   2083.36112   1.94547800E+000
   2082.02734   1.95642858E+000
   2080.69356   1.96749117E+000
   2079.35979   1.97866736E+000
   2078.02601   1.98995875E+000
   2076.69223   2.00136699E+000
   2075.35845   2.01289378E+000
   2074.02467   2.02454081E+000
   2072.69090   2.03630984E+000
   2071.35712   2.04820263E+000
   2070.02334   2.06022101E+000
   2068.68956   2.07236681E+000
   2067.35579   2.08464192E+000
   2066.02201   2.09704825E+000
   2064.68823   2.10958778E+000
   2063.35445   2.12226247E+000
   2062.02067   2.13507438E+000
   2060.68690   2.14802557E+000
   2059.35312   2.16111816E+000
   2058.01934   2.17435430E+000
   2056.68556   2.18773620E+000
   2055.35178   2.20126610E+000
   2054.01801   2.21494628E+000
   2052.68423   2.22877909E+000
   2051.35045   2.24276691E+000
   2050.01667   2.25691216E+000
   2048.68289   2.27121734E+000
   2047.34912   2.28568497E+000
   2046.01534   2.30031764E+000
   2044.68156   2.31511800E+000
   2043.34778   2.33008873E+000
   2042.01400   2.34523258E+000
   2040.68023   2.36055238E+000
   2039.34645   2.37605097E+000
   2038.01267   2.39173131E+000
   2036.67889   2.40759638E+000
   2035.34512   2.42364923E+000
   2034.01134   2.43989299E+000
   2032.67756   2.45633086E+000
   2031.34378   2.47296609E+000
   2030.01000   2.48980202E+000
   2028.67623   2.50684205E+000
   2027.34245   2.52408967E+000
   2026.00867   2.54154843E+000
   2024.67489   2.55922197E+000
   2023.34111   2.57711402E+000
   2022.00734   2.59522838E+000
   2020.67356   2.61356893E+000
   2019.33978   2.63213966E+000
   2018.00600   2.65094464E+000
   2016.67222   2.66998803E+000
   2015.33845   2.68927409E+000
   2014.00467   2.70880719E+000
   2012.67089   2.72859179E+000
   2011.33711   2.74863244E+000
   2010.00333   2.76893383E+000
   2008.66956   2.78950075E+000
   2007.33578   2.81033809E+000
   2006.00200   2.83145086E+000
   2004.66822   2.85284422E+000
   2003.33444   2.87452341E+000
   2002.00067   2.89649384E+000
   2000.66689   2.91876102E+000
   1999.33311   2.94133062E+000
   1997.99933   2.96420843E+000
   1996.66556   2.98740040E+000
   1995.33178   3.01091263E+000
   1993.99800   3.03475135E+000
   1992.66422   3.05892297E+000
   1991.33044   3.08343407E+000
   1989.99667   3.10829137E+000
   1988.66289   3.13350178E+000
   1987.32911   3.15907240E+000
   1985.99533   3.18501049E+000
   1984.66155   3.21132351E+000
   1983.32778   3.23801914E+000
   1981.99400   3.26510522E+000
   1980.66022   3.29258983E+000
   1979.32644   3.32048125E+000
   1977.99266   3.34878800E+000
   1976.65889   3.37751882E+000
   1975.32511   3.40668268E+000
   1973.99133   3.43628881E+000
   1972.65755   3.46634670E+000
   1971.32377   3.49686608E+000
   1969.99000   3.52785696E+000
   1968.65622   3.55932966E+000
   1967.32244   3.59129474E+000
   1965.98866   3.62376310E+000
   1964.65488   3.65674593E+000
   1963.32111   3.69025477E+000
   1961.98733   3.72430145E+000
   1960.65355   3.75889819E+000
   1959.31977   3.79405754E+000
   1957.98600   3.82979242E+000
   1956.65222   3.86611615E+000
   1955.31844   3.90304244E+000
   1953.98466   3.94058541E+000
   1952.65088   3.97875961E+000
   1951.31711   4.01758002E+000
   1949.98333   4.05706211E+000
   1948.64955   4.09722180E+000
   1947.31577   4.13807551E+000
   1945.98199   4.17964018E+000
   1944.64822   4.22193328E+000
   1943.31444   4.26497284E+000
   1941.98066   4.30877745E+000
   1940.64688   4.35336631E+000
   1939.31310   4.39875923E+000
   1937.97933   4.44497668E+000
   1936.64555   4.49203980E+000
   1935.31177   4.53997041E+000
   1933.97799   4.58879108E+000
   1932.64421   4.63852512E+000
   1931.31044   4.68919662E+000
   1929.97666   4.74083052E+000
   1928.64288   4.79345257E+000
   1927.30910   4.84708944E+000
   1925.97533   4.90176873E+000
   1924.64155   4.95751897E+000
   1923.30777   5.01436974E+000
   1921.97399   5.07235163E+000
   1920.64021   5.13149635E+000
   1919.30644   5.19183674E+000
   1917.97266   5.25340686E+000
   1916.63888   5.31624197E+000
   1915.30510   5.38037866E+000
   1913.97132   5.44585490E+000
   1912.63755   5.51271003E+000
   1911.30377   5.58098492E+000
   1909.96999   5.65072197E+000
   1908.63621   5.72196523E+000
   1907.30243   5.79476044E+000
   1905.96866   5.86915512E+000
   1904.63488   5.94519866E+000
   1903.30110   6.02294242E+000
   1901.96732   6.10243980E+000
   1900.63354   6.18374636E+000
   1899.29977   6.26691991E+000
   1897.96599   6.35202065E+000
   1896.63221   6.43911124E+000
   1895.29843   6.52825697E+000
   1893.96465   6.61952589E+000
   1892.63088   6.71298892E+000
   1891.29710   6.80872001E+000
   1889.96332   6.90679633E+000
   1888.62954   7.00729840E+000
   1887.29577   7.11031027E+000
   1885.96199   7.21591975E+000
   1884.62821   7.32421857E+000
   1883.29443   7.43530259E+000
   1881.96065   7.54927209E+000
   1880.62688   7.66623194E+000
   1879.29310   7.78629188E+000
   1877.95932   7.90956684E+000
   1876.62554   8.03617717E+000
   1875.29176   8.16624901E+000
   1873.95799   8.29991458E+000
   1872.62421   8.43731259E+000
   1871.29043   8.57858856E+000
   1869.95665   8.72389529E+000
   1868.62287   8.87339328E+000
   1867.28910   9.02725118E+000
   1865.95532   9.18564634E+000
   1864.62154   9.34876531E+000
   1863.28776   9.51680444E+000
   1861.95398   9.68997053E+000
   1860.62021   9.86848146E+000
   1859.28643   1.00525669E+001
   1857.95265   1.02424693E+001
   1856.61887   1.04384443E+001
   1855.28510   1.06407621E+001
   1853.95132   1.08497081E+001
   1852.61754   1.10655842E+001
   1851.28376   1.12887099E+001
   1849.94998   1.15194232E+001
   1848.61621   1.17580826E+001
   1847.28243   1.20050680E+001
   1845.94865   1.22607823E+001
   1844.61487   1.25256536E+001
   1843.28109   1.28001365E+001
   1841.94732   1.30847146E+001
   1840.61354   1.33799023E+001
   1839.27976   1.36862475E+001
   1837.94598   1.40043343E+001
   1836.61220   1.43347854E+001
   1835.27843   1.46782659E+001
   1833.94465   1.50354863E+001
   1832.61087   1.54072066E+001
   1831.27709   1.57942402E+001
   1829.94331   1.61974586E+001
   1828.60954   1.66177964E+001
   1827.27576   1.70562571E+001
   1825.94198   1.75139189E+001
   1824.60820   1.79919417E+001
   1823.27442   1.84915745E+001
   1821.94065   1.90141637E+001
   1820.60687   1.95611626E+001
   1819.27309   2.01341414E+001
   1817.93931   2.07347989E+001
   1816.60554   2.13649748E+001
   1815.27176   2.20266647E+001
   1813.93798   2.27220354E+001
   1812.60420   2.34534432E+001
   1811.27042   2.42234538E+001
   1809.93665   2.50348651E+001
   1808.60287   2.58907326E+001
   1807.26909   2.67943983E+001
   1805.93531   2.77495232E+001
   1804.60153   2.87601244E+001
   1803.26776   2.98306173E+001
   1801.93398   3.09658632E+001
   1800.60020   3.21712244E+001
   1799.26642   3.34526266E+001
   1797.93264   3.48166308E+001
   1796.59887   3.62705160E+001
   1795.26509   3.78223748E+001
   1793.93131   3.94812233E+001
   1792.59753   4.12571291E+001
   1791.26375   4.31613602E+001
   1789.92998   4.52065582E+001
   1788.59620   4.74069410E+001
   1787.26242   4.97785416E+001
   1785.92864   5.23394874E+001
   1784.59486   5.51103321E+001
   1783.26109   5.81144475E+001
   1781.92731   6.13784905E+001
   1780.59353   6.49329593E+001
   1779.25975   6.88128612E+001
   1777.92598   7.30585134E+001
   1776.59220   7.77165108E+001
   1775.25842   8.28408970E+001
   1773.92464   8.84945873E+001
   1772.59086   9.47511046E+001
   1771.25709   1.01696702E+002
   1769.92331   1.09432971E+002
   1768.58953   1.18080041E+002
   1767.25575   1.27780539E+002
   1765.92197   1.38704456E+002
   1764.58820   1.51055161E+002
   1763.25442   1.65076788E+002
   1761.92064   1.81063277E+002
   1760.58686   1.99369298E+002
   1759.25308   2.20423234E+002
   1757.91931   2.44742108E+002
   1756.58553   2.72947773E+002
   1755.25175   3.05782531E+002
   1753.91797   3.44120053E+002
   1752.58419   3.88963368E+002
   1751.25042   4.41414442E+002
   1749.91664   5.02588181E+002
   1748.58286   5.73426804E+002
   1747.24908   6.54351877E+002
   1745.91531   7.44685666E+002
   1744.58153   8.41820044E+002
   1743.24775   9.40278516E+002
   1741.91397   1.03115557E+003
   1740.58019   1.10278993E+003
   1739.24642   1.14340745E+003
   1737.91264   1.14525401E+003
   1736.57886   1.10797337E+003
   1735.24508   1.03877376E+003
   1733.91130   9.49251456E+002
   1732.57753   8.51213563E+002
   1731.24375   7.53859171E+002
   1729.90997   6.62953959E+002
   1728.57619   5.81320827E+002
   1727.24241   5.09770227E+002
   1725.90864   4.47950140E+002
   1724.57486   3.94947310E+002
   1723.24108   3.49652840E+002
   1721.90730   3.10959285E+002
   1720.57352   2.77853343E+002
   1719.23975   2.49449837E+002
   1717.90597   2.24995475E+002
   1716.57219   2.03858643E+002
   1715.23841   1.85513999E+002
   1713.90463   1.69526231E+002
   1712.57086   1.55534982E+002
   1711.23708   1.43241690E+002
   1709.90330   1.32398486E+002
   1708.56952   1.22798999E+002
   1707.23575   1.14270836E+002
   1705.90197   1.06669461E+002
   1704.56819   9.98732337E+001
   1703.23441   9.37793831E+001
   1701.90063   8.83007469E+001
   1700.56686   8.33631190E+001
   1699.23308   7.89030891E+001
   1697.89930   7.48662787E+001
   1696.56552   7.12058947E+001
   1695.23174   6.78815400E+001
   1693.89797   6.48582325E+001
   1692.56419   6.21055926E+001
   1691.23041   5.95971678E+001
   1689.89663   5.73098702E+001
   1688.56285   5.52235057E+001
   1687.22908   5.33203788E+001
   1685.89530   5.15849611E+001
   1684.56152   5.00036104E+001
   1683.22774   4.85643340E+001
   1681.89396   4.72565882E+001
   1680.56019   4.60711078E+001
   1679.22641   4.49997621E+001
   1677.89263   4.40354318E+001
   1676.55885   4.31719053E+001
   1675.22508   4.24037908E+001
   1673.89130   4.17264420E+001
   1672.55752   4.11358966E+001
   1671.22374   4.06288245E+001
   1669.88996   4.02024865E+001
   1668.55619   3.98547011E+001
   1667.22241   3.95838194E+001
   1665.88863   3.93887071E+001
   1664.55485   3.92687340E+001
   1663.22107   3.92237704E+001
   1661.88730   3.92541896E+001
   1660.55352   3.93608787E+001
   1659.21974   3.95452552E+001
   1657.88596   3.98092928E+001
   1656.55218   4.01555543E+001
   1655.21841   4.05872350E+001
   1653.88463   4.11082156E+001
   1652.55085   4.17231274E+001
   1651.21707   4.24374313E+001
   1649.88329   4.32575120E+001
   1648.54952   4.41907912E+001
   1647.21574   4.52458628E+001
   1645.88196   4.64326529E+001
   1644.54818   4.77626124E+001
   1643.21440   4.92489449E+001
   1641.88063   5.09068808E+001
   1640.54685   5.27540043E+001
   1639.21307   5.48106471E+001
   1637.87929   5.71003621E+001
   1636.54552   5.96504958E+001
   1635.21174   6.24928819E+001
   1633.87796   6.56646848E+001
   1632.54418   6.92094283E+001
   1631.21040   7.31782541E+001
   1629.87663   7.76314670E+001
   1628.54285   8.26404344E+001
   1627.20907   8.82899290E+001
   1625.87529   9.46810178E+001
   1624.54151   1.01934627E+002
   1623.20774   1.10195926E+002
   1621.87396   1.19639702E+002
   1620.54018   1.30476862E+002
   1619.20640   1.42962202E+002
   1617.87262   1.57403386E+002
   1616.53885   1.74170816E+002
   1615.20507   1.93707413E+002
   1613.87129   2.16536062E+002
   1612.53751   2.43260213E+002
   1611.20373   2.74549020E+002
   1609.86996   3.11091762E+002
   1608.53618   3.53496394E+002
   1607.20240   4.02095451E+002
   1605.86862   4.56616569E+002
   1604.53484   5.15695671E+002
   1603.20107   5.76298035E+002
   1601.86729   6.33303824E+002
   1600.53351   6.79755292E+002
   1599.19973   7.08270229E+002
   1597.86596   7.13498121E+002
   1596.53218   6.94394064E+002
   1595.19840   6.54706208E+002
   1593.86462   6.01292988E+002
   1592.53084   5.41539047E+002
   1591.19707   4.81427149E+002
   1589.86329   4.24844072E+002
   1588.52951   3.73788379E+002
   1587.19573   3.28926141E+002
   1585.86195   2.90132985E+002
   1584.52818   2.56890068E+002
   1583.19440   2.28530210E+002
   1581.86062   2.04373324E+002
   1580.52684   1.83791920E+002
   1579.19306   1.66236728E+002
   1577.85929   1.51241448E+002
   1576.52551   1.38417617E+002
   1575.19173   1.27445478E+002
   1573.85795   1.18063718E+002
   1572.52417   1.10059171E+002
   1571.19040   1.03256532E+002
   1569.85662   9.75074369E+001
   1568.52284   9.26779193E+001
   1567.18906   8.86334921E+001
   1565.85529   8.52227336E+001
   1564.52151   8.22641085E+001
   1563.18773   7.95460907E+001
   1561.85395   7.68520747E+001
   1560.52017   7.40100715E+001
   1559.18640   7.09435371E+001
   1557.85262   6.76875025E+001
   1556.51884   6.43564561E+001
   1555.18506   6.10878226E+001
   1553.85128   5.79961813E+001
   1552.51751   5.51541736E+001
   1551.18373   5.25946886E+001
   1549.84995   5.03221704E+001
   1548.51617   4.83244265E+001
   1547.18239   4.65814851E+001
   1545.84862   4.50711641E+001
   1544.51484   4.37721420E+001
   1543.18106   4.26654334E+001
   1541.84728   4.17349540E+001
   1540.51350   4.09676170E+001
   1539.17973   4.03532182E+001
   1537.84595   3.98842522E+001
   1536.51217   3.95557338E+001
   1535.17839   3.93650603E+001
   1533.84461   3.93119332E+001
   1532.51084   3.93983471E+001
   1531.17706   3.96286528E+001
   1529.84328   4.00096998E+001
   1528.50950   4.05510660E+001
   1527.17573   4.12653877E+001
   1525.84195   4.21688037E+001
   1524.50817   4.32815354E+001
   1523.17439   4.46286289E+001
   1521.84061   4.62408912E+001
   1520.50684   4.81560566E+001
   1519.17306   5.04202228E+001
   1517.83928   5.30895898E+001
   1516.50550   5.62325120E+001
   1515.17172   5.99318247E+001
   1513.83795   6.42872876E+001
   1512.50417   6.94177646E+001
   1511.17039   7.54623288E+001
   1509.83661   8.25787082E+001
   1508.50283   9.09361722E+001
   1507.16906   1.00697900E+002
   1505.83528   1.11985115E+002
   1504.50150   1.24812778E+002
   1503.16772   1.38987807E+002
   1501.83394   1.53973246E+002
   1500.50017   1.68756553E+002
   1499.16639   1.81818188E+002
   1497.83261   1.91337309E+002
   1496.49883   1.95697478E+002
   1495.16506   1.94116082E+002
   1493.83128   1.87002247E+002
   1492.49750   1.75769813E+002
   1491.16372   1.62252016E+002
   1489.82994   1.48120357E+002
   1488.49617   1.34576769E+002
   1487.16239   1.22320985E+002
   1485.82861   1.11662948E+002
   1484.49483   1.02664620E+002
   1483.16105   9.52554153E+001
   1481.82728   8.93091877E+001
   1480.49350   8.46894356E+001
   1479.15972   8.12732607E+001
   1477.82594   7.89627729E+001
   1476.49216   7.76897648E+001
   1475.15839   7.74170921E+001
   1473.82461   7.81385337E+001
   1472.49083   7.98777446E+001
   1471.15705   8.26859661E+001
   1469.82327   8.66371357E+001
   1468.48950   9.18176841E+001
   1467.15572   9.83064771E+001
   1465.82194   1.06138313E+002
   1464.48816   1.15243580E+002
   1463.15438   1.25361001E+002
   1461.82061   1.35937029E+002
   1460.48683   1.46060213E+002
   1459.15305   1.54519467E+002
   1457.81927   1.60068227E+002
   1456.48550   1.61855227E+002
   1455.15172   1.59792062E+002
   1453.81794   1.54586216E+002
   1452.48416   1.47402370E+002
   1451.15038   1.39392659E+002
   1449.81661   1.31366004E+002
   1448.48283   1.23697294E+002
   1447.14905   1.16429433E+002
   1445.81527   1.09467831E+002
   1444.48149   1.02759908E+002
   1443.14772   9.63765981E+001
   1441.81394   9.04819204E+001
   1440.48016   8.52470273E+001
   1439.14638   8.07752416E+001
   1437.81260   7.70651765E+001
   1436.47883   7.40055880E+001
   1435.14505   7.13922263E+001
   1433.81127   6.89683484E+001
   1432.47749   6.64916637E+001
   1431.14371   6.38099857E+001
   1429.80994   6.09051795E+001
   1428.47616   5.78765019E+001
   1427.14238   5.48786645E+001
   1425.80860   5.20582906E+001
   1424.47482   4.95189824E+001
   1423.14105   4.73162196E+001
   1421.80727   4.54683640E+001
   1420.47349   4.39711453E+001
   1419.13971   4.28093272E+001
   1417.80594   4.19639318E+001
   1416.47216   4.14153469E+001
   1415.13838   4.11429231E+001
   1413.80460   4.11213726E+001
   1412.47082   4.13141957E+001
   1411.13705   4.16651878E+001
   1409.80327   4.20914491E+001
   1408.46949   4.24847299E+001
   1407.13571   4.27288341E+001
   1405.80193   4.27332054E+001
   1404.46816   4.24671839E+001
   1403.13438   4.19712948E+001
   1401.80060   4.13365606E+001
   1400.46682   4.06675358E+001
   1399.13304   4.00523090E+001
   1397.79927   3.95500819E+001
   1396.46549   3.91927905E+001
   1395.13171   3.89927501E+001
   1393.79793   3.89506209E+001
   1392.46415   3.90614098E+001
   1391.13038   3.93182841E+001
   1389.79660   3.97147228E+001
   1388.46282   4.02456033E+001
   1387.12904   4.09076822E+001
   1385.79527   4.16997614E+001
   1384.46149   4.26227161E+001
   1383.12771   4.36794780E+001
   1381.79393   4.48750276E+001
   1380.46015   4.62164209E+001
   1379.12638   4.77128647E+001
   1377.79260   4.93758514E+001
   1376.45882   5.12193578E+001
   1375.12504   5.32601186E+001
   1373.79126   5.55179831E+001
   1372.45749   5.80163701E+001
   1371.12371   6.07828374E+001
   1369.78993   6.38497898E+001
   1368.45615   6.72553551E+001
   1367.12237   7.10444655E+001
   1365.78860   7.52701924E+001
   1364.45482   7.99953952E+001
   1363.12104   8.52947572E+001
   1361.78726   9.12573017E+001
   1360.45348   9.79894985E+001
   1359.11971   1.05619089E+002
   1357.78593   1.14299770E+002
   1356.45215   1.24216883E+002
   1355.11837   1.35594192E+002
   1353.78459   1.48701757E+002
   1352.45082   1.63864603E+002
   1351.11704   1.81471378E+002
   1349.78326   2.01981087E+002
   1348.44948   2.25924070E+002
   1347.11571   2.53889860E+002
   1345.78193   2.86488851E+002
   1344.44815   3.24266176E+002
   1343.11437   3.67535948E+002
   1341.78059   4.16098396E+002
   1340.44682   4.68819032E+002
   1339.11304   5.23122149E+002
   1337.77926   5.74614791E+002
   1336.44548   6.17269611E+002
   1335.11170   6.44617571E+002
   1333.77793   6.51877544E+002
   1332.44415   6.37986283E+002
   1331.11037   6.06109353E+002
   1329.77659   5.62232243E+002
   1328.44281   5.12900218E+002
   1327.10904   4.63489770E+002
   1325.77526   4.17559674E+002
   1324.44148   3.77011458E+002
   1323.10770   3.42571220E+002
   1321.77392   3.14265118E+002
   1320.44015   2.91762933E+002
   1319.10637   2.74578891E+002
   1317.77259   2.62156862E+002
   1316.43881   2.53868854E+002
   1315.10504   2.48951476E+002
   1313.77126   2.46413047E+002
   1312.43748   2.44972432E+002
   1311.10370   2.43124608E+002
   1309.76992   2.39411011E+002
   1308.43615   2.32842578E+002
   1307.10237   2.23239730E+002
   1305.76859   2.11236190E+002
   1304.43481   1.97938828E+002
   1303.10103   1.84489856E+002
   1301.76726   1.71774247E+002
   1300.43348   1.60334720E+002
   1299.09970   1.50422197E+002
   1297.76592   1.42090670E+002
   1296.43214   1.35282788E+002
   1295.09837   1.29888613E+002
   1293.76459   1.25778435E+002
   1292.43081   1.22816078E+002
   1291.09703   1.20859599E+002
   1289.76325   1.19756597E+002
   1288.42948   1.19343231E+002
   1287.09570   1.19457094E+002
   1285.76192   1.19968244E+002
   1284.42814   1.20817028E+002
   1283.09436   1.22034176E+002
   1281.76059   1.23727354E+002
   1280.42681   1.26044660E+002
   1279.09303   1.29140198E+002
   1277.75925   1.33157676E+002
   1276.42548   1.38231533E+002
   1275.09170   1.44497519E+002
   1273.75792   1.52105864E+002
   1272.42414   1.61233902E+002
   1271.09036   1.72097651E+002
   1269.75659   1.84962902E+002
   1268.42281   2.00156422E+002
   1267.08903   2.18077401E+002
   1265.75525   2.39208385E+002
   1264.42147   2.64123382E+002
   1263.08770   2.93488135E+002
   1261.75392   3.28042927E+002
   1260.42014   3.68550740E+002
   1259.08636   4.15682502E+002
   1257.75258   4.69798109E+002
   1256.41881   5.30575515E+002
   1255.08503   5.96464040E+002
   1253.75125   6.64036996E+002
   1252.41747   7.27534244E+002
   1251.08369   7.79153597E+002
   1249.74992   8.10650984E+002
   1248.41614   8.16095740E+002
   1247.08236   7.94395940E+002
   1245.74858   7.49807179E+002
   1244.41480   6.90024058E+002
   1243.08103   6.23290994E+002
   1241.74725   5.56264681E+002
   1240.41347   4.93256304E+002
   1239.07969   4.36473317E+002
   1237.74592   3.86642566E+002
   1236.41214   3.43614443E+002
   1235.07836   3.06802938E+002
   1233.74458   2.75458605E+002
   1232.41080   2.48818415E+002
   1231.07703   2.26177990E+002
   1229.74325   2.06919611E+002
   1228.40947   1.90517115E+002
   1227.07569   1.76529944E+002
   1225.74191   1.64592941E+002
   1224.40814   1.54405268E+002
   1223.07436   1.45720008E+002
   1221.74058   1.38335063E+002
   1220.40680   1.32085485E+002
   1219.07302   1.26837183E+002
   1217.73925   1.22481843E+002
   1216.40547   1.18932890E+002
   1215.07169   1.16122325E+002
   1213.73791   1.13998311E+002
   1212.40413   1.12523389E+002
   1211.07036   1.11673250E+002
   1209.73658   1.11435990E+002
   1208.40280   1.11811837E+002
   1207.06902   1.12813320E+002
   1205.73525   1.14465901E+002
   1204.40147   1.16809086E+002
   1203.06769   1.19898078E+002
   1201.73391   1.23806007E+002
   1200.40013   1.28626817E+002
   1199.06636   1.34478822E+002
   1197.73258   1.41508917E+002
   1196.39880   1.49897213E+002
   1195.06502   1.59861598E+002
   1193.73124   1.71660992E+002
   1192.39747   1.85594936E+002
   1191.06369   2.01995020E+002
   1189.72991   2.21200266E+002
   1188.39613   2.43503675E+002
   1187.06235   2.69051695E+002
   1185.72858   2.97676648E+002
   1184.39480   3.28655523E+002
   1183.06102   3.60436918E+002
   1181.72724   3.90476267E+002
   1180.39346   4.15428460E+002
   1179.05969   4.31913835E+002
   1177.72591   4.37721670E+002
   1176.39213   4.32799187E+002
   1175.05835   4.19305328E+002
   1173.72457   4.00682074E+002
   1172.39080   3.80422713E+002
   1171.05702   3.61231744E+002
   1169.72324   3.44775730E+002
   1168.38946   3.31844601E+002
   1167.05569   3.22678266E+002
   1165.72191   3.17293542E+002
   1164.38813   3.15720690E+002
   1163.05435   3.18114817E+002
   1161.72057   3.24766651E+002
   1160.38680   3.36073770E+002
   1159.05302   3.52521394E+002
   1157.71924   3.74685036E+002
   1156.38546   4.03241266E+002
   1155.05168   4.38964278E+002
   1153.71791   4.82682655E+002
   1152.38413   5.35162791E+002
   1151.05035   5.96871605E+002
   1149.71657   6.67560206E+002
   1148.38279   7.45627678E+002
   1147.04902   8.27320935E+002
   1145.71524   9.06062393E+002
   1144.38146   9.72537843E+002
   1143.04768   1.01630196E+003
   1141.71390   1.02899083E+003
   1140.38013   1.00773533E+003
   1139.04635   9.56472603E+002
   1137.71257   8.84130977E+002
   1136.37879   8.01085409E+002
   1135.04502   7.16166121E+002
   1133.71124   6.35355642E+002
   1132.37746   5.61894469E+002
   1131.04368   4.97014652E+002
   1129.70990   4.40721777E+002
   1128.37613   3.92385759E+002
   1127.04235   3.51114844E+002
   1125.70857   3.15965737E+002
   1124.37479   2.86049363E+002
   1123.04101   2.60576139E+002
   1121.70724   2.38868552E+002
   1120.37346   2.20357442E+002
   1119.03968   2.04571199E+002
   1117.70590   1.91122819E+002
   1116.37212   1.79697225E+002
   1115.03835   1.70039918E+002
   1113.70457   1.61947213E+002
   1112.37079   1.55257927E+002
   1111.03701   1.49846083E+002
   1109.70323   1.45613963E+002
   1108.36946   1.42484580E+002
   1107.03568   1.40392412E+002
   1105.70190   1.39271388E+002
   1104.36812   1.39040335E+002
   1103.03434   1.39589441E+002
   1101.70057   1.40776871E+002
   1100.36679   1.42448675E+002
   1099.03301   1.44488232E+002
   1097.69923   1.46878588E+002
   1096.36546   1.49739901E+002
   1095.03168   1.53315457E+002
   1093.69790   1.57920036E+002
   1092.36412   1.63889306E+002
   1091.03034   1.71556299E+002
   1089.69657   1.81255040E+002
   1088.36279   1.93338014E+002
   1087.02901   2.08194406E+002
   1085.69523   2.26259923E+002
   1084.36145   2.48009947E+002
   1083.02768   2.73924228E+002
   1081.69390   3.04404111E+002
   1080.36012   3.39614640E+002
   1079.02634   3.79221339E+002
   1077.69256   4.22012951E+002
   1076.35879   4.65478094E+002
   1075.02501   5.05557953E+002
   1073.69123   5.36963901E+002
   1072.35745   5.54387423E+002
   1071.02367   5.54371516E+002
   1069.68990   5.36818585E+002
   1068.35612   5.05034968E+002
   1067.02234   4.64276859E+002
   1065.68856   4.19866861E+002
   1064.35478   3.75936805E+002
   1063.02101   3.35069243E+002
   1061.68723   2.98525901E+002
   1060.35345   2.66668945E+002
   1059.01967   2.39343469E+002
   1057.68590   2.16147315E+002
   1056.35212   1.96594982E+002
   1055.01834   1.80206098E+002
   1053.68456   1.66547299E+002
   1052.35078   1.55248058E+002
   1051.01701   1.46003209E+002
   1049.68323   1.38569510E+002
   1048.34945   1.32760188E+002
   1047.01567   1.28439481E+002
   1045.68189   1.25518115E+002
   1044.34812   1.23950079E+002
   1043.01434   1.23730747E+002
   1041.68056   1.24896154E+002
   1040.34678   1.27522941E+002
   1039.01300   1.31728031E+002
   1037.67923   1.37666279E+002
   1036.34545   1.45522849E+002
   1035.01167   1.55494756E+002
   1033.67789   1.67752465E+002
   1032.34411   1.82368517E+002
   1031.01034   1.99198527E+002
   1029.67656   2.17708453E+002
   1028.34278   2.36774894E+002
   1027.00900   2.54554195E+002
   1025.67523   2.68597207E+002
   1024.34145   2.76374600E+002
   1023.00767   2.76139286E+002
   1021.67389   2.67674725E+002
   1020.34011   2.52392055E+002
   1019.00634   2.32699314E+002
   1017.67256   2.11112919E+002
   1016.33878   1.89629305E+002
   1015.00500   1.69520866E+002
   1013.67122   1.51425457E+002
   1012.33745   1.35541136E+002
   1011.00367   1.21809382E+002
   1009.66989   1.10046646E+002
   1008.33611   1.00025178E+002
   1007.00233   9.15169873E+001
   1005.66856   8.43145966E+001
   1004.33478   7.82383710E+001
   1003.00100   7.31363172E+001
   1001.66722   6.88793946E+001
   1000.33344   6.53535435E+001
    998.99967   6.24487778E+001
    997.66589   6.00461120E+001
    996.33211   5.80053966E+001
    994.99833   5.61612167E+001
    993.66455   5.43366591E+001
    992.33078   5.23788808E+001
    990.99700   5.02028248E+001
    989.66322   4.78143475E+001
    988.32944   4.52941342E+001
    986.99567   4.27542569E+001
    985.66189   4.02964122E+001
    984.32811   3.79903073E+001
    982.99433   3.58716000E+001
    981.66055   3.39498834E+001
    980.32678   3.22185618E+001
    978.99300   3.06627745E+001
    977.65922   2.92645845E+001
    976.32544   2.80059337E+001
    974.99166   2.68701102E+001
    973.65789   2.58423391E+001
    972.32411   2.49098977E+001
    970.99033   2.40619934E+001
    969.65655   2.32895238E+001
    968.32277   2.25847712E+001
    966.98900   2.19410334E+001
    965.65522   2.13521705E+001
    964.32144   2.08120538E+001
    962.98766   2.03139645E+001
    961.65388   1.98501395E+001
    960.32011   1.94118484E+001
    958.98633   1.89903878E+001
    957.65255   1.85788849E+001
    956.31877   1.81739374E+001
    954.98499   1.77758442E+001
    953.65122   1.73871880E+001
    952.31744   1.70108730E+001
    950.98366   1.66489175E+001
    949.64988   1.63023668E+001
    948.31611   1.59717849E+001
    946.98233   1.56576288E+001
    945.64855   1.53602594E+001
    944.31477   1.50797738E+001
    942.98099   1.48159026E+001
    941.64722   1.45680438E+001
    940.31344   1.43353770E+001
    938.97966   1.41169855E+001
    937.64588   1.39119475E+001
    936.31210   1.37193920E+001
    934.97833   1.35385259E+001
    933.64455   1.33686425E+001
    932.31077   1.32091209E+001
    930.97699   1.30594198E+001
    929.64321   1.29190695E+001
    928.30944   1.27876647E+001
    926.97566   1.26648569E+001
    925.64188   1.25503479E+001
    924.30810   1.24438853E+001
    922.97432   1.23452572E+001
    921.64055   1.22542892E+001
    920.30677   1.21708416E+001
    918.97299   1.20948069E+001
    917.63921   1.20261085E+001
    916.30544   1.19646993E+001
    914.97166   1.19105612E+001
    913.63788   1.18637047E+001
    912.30410   1.18241689E+001
    910.97032   1.17920220E+001
    909.63655   1.17673620E+001
    908.30277   1.17503180E+001
    906.96899   1.17410512E+001
    905.63521   1.17397573E+001
    904.30143   1.17466688E+001
    902.96766   1.17620571E+001
    901.63388   1.17862364E+001
    900.30010   1.18195673E+001
    898.96632   1.18624612E+001
    897.63254   1.19153856E+001
    896.29877   1.19788701E+001
    894.96499   1.20535135E+001
    893.63121   1.21399918E+001
    892.29743   1.22390679E+001
    890.96365   1.23516028E+001
    889.62988   1.24785682E+001
    888.29610   1.26210618E+001
    886.96232   1.27803252E+001
    885.62854   1.29577646E+001
    884.29476   1.31549754E+001
    882.96099   1.33737711E+001
    881.62721   1.36162182E+001
    880.29343   1.38846768E+001
    878.95965   1.41818499E+001
    877.62588   1.45108416E+001
    876.29210   1.48752283E+001
    874.95832   1.52791432E+001
    873.62454   1.57273798E+001
    872.29076   1.62255173E+001
    870.95699   1.67800732E+001
    869.62321   1.73986905E+001
    868.28943   1.80903676E+001
    866.95565   1.88657400E+001
    865.62187   1.97374292E+001
    864.28810   2.07204713E+001
    862.95432   2.18328459E+001
    861.62054   2.30961248E+001
    860.28676   2.45362638E+001
    858.95298   2.61845555E+001
    857.61921   2.80787531E+001
    856.28543   3.02643469E+001
    854.95165   3.27959162E+001
    853.61787   3.57383658E+001
    852.28409   3.91676322E+001
    850.95032   4.31700444E+001
    849.61654   4.78388402E+001
    848.28276   5.32652505E+001
    846.94898   5.95200798E+001
    845.61521   6.66202807E+001
    844.28143   7.44753075E+001
    842.94765   8.28139854E+001
    841.61387   9.11102249E+001
    840.28009   9.85569267E+001
    838.94632   1.04162705E+002
    837.61254   1.07014416E+002
    836.27876   1.06624495E+002
    834.94498   1.03152242E+002
    833.61120   9.73318689E+001
    832.27743   9.01640240E+001
    830.94365   8.25876144E+001
    829.60987   7.52937165E+001
    828.27609   6.86953825E+001
    826.94231   6.29848013E+001
    825.60854   5.82115496E+001
    824.27476   5.43481320E+001
    822.94098   5.13344169E+001
    821.60720   4.91040075E+001
    820.27342   4.75981905E+001
    818.93965   4.67721555E+001
    817.60587   4.65964049E+001
    816.27209   4.70546108E+001
    814.93831   4.81377521E+001
    813.60453   4.98331447E+001
    812.27076   5.21061391E+001
    810.93698   5.48726797E+001
    809.60320   5.79645956E+001
    808.26942   6.10989765E+001
    806.93565   6.38774202E+001
    805.60187   6.58479037E+001
    804.26809   6.66370597E+001
    802.93431   6.60984015E+001
    801.60053   6.43784596E+001
    800.26676   6.18494075E+001
    798.93298   5.89603685E+001
    797.59920   5.61053837E+001
    796.26542   5.35619196E+001
    794.93164   5.14917249E+001
    793.59787   4.99712466E+001
    792.26409   4.90259454E+001
    790.93031   4.86572996E+001
    789.59653   4.88607604E+001
    788.26275   4.96366517E+001
    786.92898   5.09965772E+001
    785.59520   5.29673628E+001
    784.26142   5.55938601E+001
    782.92764   5.89413618E+001
    781.59386   6.30979321E+001
    780.26009   6.81765403E+001
    778.92631   7.43163709E+001
    777.59253   8.16818856E+001
    776.25875   9.04568977E+001
    774.92497   1.00828833E+002
    773.59120   1.12955356E+002
    772.25742   1.26902271E+002
    770.92364   1.42540698E+002
    769.58986   1.59399979E+002
    768.25609   1.76502735E+002
    766.92231   1.92268523E+002
    765.58853   2.04637584E+002
    764.25475   2.11542176E+002
    762.92097   2.11635554E+002
    761.58720   2.04879333E+002
    760.25342   1.92560784E+002
    758.91964   1.76726395E+002
    757.58586   1.59448180E+002
    756.25208   1.42333948E+002
    754.91831   1.26387622E+002
    753.58453   1.12098172E+002
    752.25075   9.96036386E+001
    750.91697   8.88400276E+001
    749.58319   7.96462909E+001
    748.24942   7.18280248E+001
    746.91564   6.51917468E+001
    745.58186   5.95609816E+001
    744.24808   5.47821393E+001
    742.91430   5.07251472E+001
    741.58053   4.72816728E+001
    740.24675   4.43624595E+001
    738.91297   4.18945375E+001
    737.57919   3.98186583E+001
    736.24542   3.80870855E+001
    734.91164   3.66617697E+001
    733.57786   3.55128857E+001
    732.24408   3.46176967E+001
    730.91030   3.39597059E+001
    729.57653   3.35280618E+001
    728.24275   3.33171891E+001
    726.90897   3.33266285E+001
    725.57519   3.35610704E+001
    724.24141   3.40305730E+001
    722.90764   3.47509529E+001
    721.57386   3.57443224E+001
    720.24008   3.70397128E+001
    718.90630   3.86736581E+001
    717.57252   4.06904808E+001
    716.23875   4.31417895E+001
    714.90497   4.60843241E+001
    713.57119   4.95747252E+001
    712.23741   5.36591879E+001
    710.90363   5.83557323E+001
    709.56986   6.36282657E+001
    708.23608   6.93569416E+001
    706.90230   7.53202897E+001
    705.56852   8.12168748E+001
    704.23474   8.67507021E+001
    702.90097   9.17647085E+001
    701.56719   9.63466414E+001
    700.23341   1.00820366E+002
    698.89963   1.05609059E+002
    697.56586   1.11039791E+002
    696.23208   1.17166835E+002
    694.89830   1.23650657E+002
    693.56452   1.29718007E+002
    692.23074   1.34257419E+002
    690.89697   1.36104830E+002
    689.56319   1.34467620E+002
    688.22941   1.29268724E+002
    686.89563   1.21172024E+002
    685.56185   1.11276364E+002
    684.22808   1.00707906E+002
    682.89430   9.03432973E+001
    681.56052   8.07274758E+001
    680.22674   7.21206150E+001
    678.89296   6.45885083E+001
    677.55919   5.80853377E+001
    676.22541   5.25122090E+001
    674.89163   4.77526737E+001
    673.55785   4.36917895E+001
    672.22407   4.02249904E+001
    670.89030   3.72612404E+001
    669.55652   3.47232558E+001
    668.22274   3.25463890E+001
    666.88896   3.06770261E+001
    665.55519   2.90709241E+001
    664.22141   2.76916814E+001
    662.88763   2.65094122E+001
    661.55385   2.54996370E+001
    660.22007   2.46423751E+001
    658.88630   2.39214142E+001
    657.55252   2.33237320E+001
    656.21874   2.28390463E+001
    654.88496   2.24594743E+001
    653.55118   2.21792864E+001
    652.21741   2.19947414E+001
    650.88363   2.19039976E+001
    649.54985   2.19070918E+001
    648.21607   2.20059831E+001
    646.88229   2.22046564E+001
    645.54852   2.25092757E+001
    644.21474   2.29283650E+001
    642.88096   2.34729732E+001
    641.54718   2.41567288E+001
    640.21340   2.49956117E+001
    638.87963   2.60071209E+001
    637.54585   2.72083043E+001
    636.21207   2.86118184E+001
    634.87829   3.02189503E+001
    633.54451   3.20087149E+001
    632.21074   3.39235927E+001
    630.87696   3.58563228E+001
    629.54318   3.76482884E+001
    628.20940   3.91136507E+001
    626.87563   4.00941878E+001
    625.54185   4.05239487E+001
    624.20807   4.04620755E+001
    622.87429   4.00685897E+001
    621.54051   3.95421293E+001
    620.20674   3.90616619E+001
    618.87296   3.87576276E+001
    617.53918   3.87107414E+001
    616.20540   3.89646254E+001
    614.87162   3.95407935E+001
    613.53785   4.04507322E+001
    612.20407   4.17041091E+001
    610.87029   4.33139090E+001
    609.53651   4.52996173E+001
    608.20273   4.76893680E+001
    606.86896   5.05216869E+001
    605.53518   5.38472344E+001
    604.20140   5.77308021E+001
    602.86762   6.22537212E+001
    601.53384   6.75167641E+001
    600.20007   7.36435290E+001
    598.86629   8.07841371E+001
    597.53251   8.91187797E+001
    596.19873   9.88600945E+001
    594.86495   1.10252351E+002
    593.53118   1.23563722E+002
    592.19740   1.39065228E+002
    590.86362   1.56986383E+002
    589.52984   1.77434271E+002
    588.19607   2.00264286E+002
    586.86229   2.24906701E+002
    585.52851   2.50197611E+002
    584.19473   2.74335955E+002
    582.86095   2.95136416E+002
    581.52718   3.10646206E+002
    580.19340   3.19882713E+002
    578.85962   3.23177128E+002
    577.52584   3.21790674E+002
    576.19206   3.17044836E+002
    574.85829   3.09578228E+002
    573.52451   2.99192511E+002
    572.19073   2.85318944E+002
    570.85695   2.67737293E+002
    569.52317   2.47025365E+002
    568.18940   2.24461097E+002
    566.85562   2.01551723E+002
    565.52184   1.79575472E+002
    564.18806   1.59364157E+002
    562.85428   1.41311914E+002
    561.52051   1.25492116E+002
    560.18673   1.11786575E+002
    558.85295   9.99847872E+001
    557.51917   8.98469469E+001
    556.18540   8.11386274E+001
    554.85162   7.36470938E+001
    553.51784   6.71870401E+001
    552.18406   6.16008168E+001
    550.85028   5.67561265E+001
    549.51651   5.25428001E+001
    548.18273   4.88694716E+001
    546.84895   4.56605176E+001
    545.51517   4.28534024E+001
    544.18139   4.03964483E+001
    542.84762   3.82470012E+001
    541.51384   3.63699453E+001
    540.18006   3.47365132E+001
    538.84628   3.33233452E+001
    537.51250   3.21117585E+001
    536.17873   3.10871928E+001
    534.84495   3.02388075E+001
    533.51117   2.95592095E+001
    532.17739   2.90442951E+001
    530.84361   2.86931893E+001
    529.50984   2.85082600E+001
    528.17606   2.84951708E+001
    526.84228   2.86629072E+001
    525.50850   2.90236543E+001
    524.17472   2.95923109E+001
    522.84095   3.03852856E+001
    521.50717   3.14180467E+001
    520.17339   3.27007971E+001
    518.83961   3.42319101E+001
    517.50584   3.59899630E+001
    516.17206   3.79279501E+001
    514.83828   3.99769040E+001
    513.50450   4.20667685E+001
    512.17072   4.41637692E+001
    510.83695   4.63069417E+001
    509.50317   4.86188811E+001
    508.16939   5.12819832E+001
    506.83561   5.44962737E+001
    505.50183   5.84402859E+001
    504.16806   6.32411067E+001
    502.83428   6.89439767E+001
    501.50050   7.54680296E+001
    500.16672   8.25432787E+001
    498.83294   8.96447546E+001
    497.49917   9.59720229E+001
    496.16539   1.00547246E+002
    494.83161   1.02473187E+002
    493.49783   1.01270939E+002
    492.16405   9.70919459E+001
    490.83028   9.06440144E+001
    489.49650   8.28895699E+001
    488.16272   7.47274990E+001
    486.82894   6.68141089E+001
    485.49517   5.95349763E+001
    484.16139   5.30606683E+001
    482.82761   4.74222753E+001
    481.49383   4.25743097E+001
    480.16005   3.84370548E+001
    478.82628   3.49214328E+001
    477.49250   3.19419834E+001
    476.15872   2.94227107E+001
    474.82494   2.72990321E+001
    473.49116   2.55177898E+001
    472.15739   2.40364199E+001
    470.82361   2.28218506E+001
    469.48983   2.18493874E+001
    468.15605   2.11016583E+001
    466.82227   2.05675601E+001
    465.48850   2.02410152E+001
    464.15472   2.01191909E+001
    462.82094   2.01996231E+001
    461.48716   2.04754635E+001
    460.15338   2.09280286E+001
    458.81961   2.15164434E+001
    457.48583   2.21662838E+001
    456.15205   2.27632652E+001
    454.81827   2.31623300E+001
    453.48449   2.32204228E+001
    452.15072   2.28459694E+001
    450.81694   2.20373763E+001
    449.48316   2.08822129E+001
    448.14938   1.95176618E+001
    446.81561   1.80810798E+001
    445.48183   1.66778370E+001
    444.14805   1.53727130E+001
    442.81427   1.41962963E+001
    441.48049   1.31561099E+001
    440.14672   1.22465656E+001
    438.81294   1.14559311E+001
    437.47916   1.07705372E+001
    436.14538   1.01770363E+001
    434.81160   9.66346112E+000
    433.47783   9.21961577E+000
    432.14405   8.83712394E+000
    430.81027   8.50931642E+000
    429.47649   8.23104830E+000
    428.14271   7.99847629E+000
    426.80894   7.80878403E+000
    425.47516   7.65980523E+000
    424.14138   7.54945659E+000
    422.80760   7.47486522E+000
    421.47382   7.43109865E+000
    420.14005   7.40957194E+000
    418.80627   7.39663065E+000
    417.47249   7.37345995E+000
    416.13871   7.31879967E+000
    414.80493   7.21485161E+000
    413.47116   7.05397464E+000
    412.13738   6.84174886E+000
    410.80360   6.59401691E+000
    409.46982   6.33018414E+000
    408.13605   6.06720118E+000
    406.80227   5.81671095E+000
    405.46849   5.58502655E+000
    404.13471   5.37446366E+000
    402.80093   5.18485740E+000
    401.46716   5.01474668E+000
    400.13338   4.86214102E+000
    398.79960   4.72495634E+000
    397.46582   4.60123345E+000
    396.13204   4.48922920E+000
    394.79827   4.38743941E+000
    393.46449   4.29458857E+000
    392.13071   4.20960574E+000
    390.79693   4.13159659E+000
    389.46315   4.05981648E+000
    388.12938   3.99364636E+000
    386.79560   3.93257239E+000
    385.46182   3.87616896E+000
    384.12804   3.82408482E+000
    382.79426   3.77603199E+000
    381.46049   3.73177684E+000
    380.12671   3.69113324E+000
    378.79293   3.65395711E+000
    377.45915   3.62014248E+000
    376.12538   3.58961869E+000
    374.79160   3.56234854E+000
    373.45782   3.53832748E+000
    372.12404   3.51758366E+000
    370.79026   3.50017883E+000
    369.45649   3.48621025E+000
    368.12271   3.47581349E+000
    366.78893   3.46916637E+000
    365.45515   3.46649426E+000
    364.12137   3.46807671E+000
    362.78760   3.47425605E+000
    361.45382   3.48544806E+000
    360.12004   3.50215535E+000
    358.78626   3.52498399E+000
    357.45248   3.55466416E+000
    356.11871   3.59207571E+000
    354.78493   3.63827961E+000
    353.45115   3.69455642E+000
    352.11737   3.76245283E+000
    350.78359   3.84383672E+000
    349.44982   3.94096025E+000
    348.11604   4.05652781E+000
    346.78226   4.19376036E+000
    345.44848   4.35643796E+000
    344.11470   4.54888403E+000
    342.78093   4.77582334E+000
    341.44715   5.04199551E+000
    340.11337   5.35133467E+000
    338.77959   5.70545151E+000
    337.44582   6.10114615E+000
    336.11204   6.52691455E+000
    334.77826   6.95917628E+000
    333.44448   7.36040847E+000
    332.11070   7.68279292E+000
    330.77693   7.88003343E+000
    329.44315   7.92448307E+000
    328.10937   7.81977293E+000
    326.77559   7.59959960E+000
    325.44181   7.31365237E+000
    324.10804   7.01087858E+000
    322.77426   6.72904643E+000
    321.44048   6.49231084E+000
    320.10670   6.31369359E+000
    318.77292   6.19902110E+000
    317.43915   6.15040616E+000
    316.10537   6.16871923E+000
    314.77159   6.25515309E+000
    313.43781   6.41215907E+000
    312.10403   6.64399755E+000
    310.77026   6.95705120E+000
    309.43648   7.35994853E+000
    308.10270   7.86343783E+000
    306.76892   8.47981937E+000
    305.43515   9.22156258E+000
    304.10137   1.00984969E+001
    302.76759   1.11127309E+001
    301.43381   1.22504639E+001
    300.10003   1.34706892E+001
    298.76626   1.46933822E+001
    297.43248   1.57945014E+001
    296.09870   1.66193576E+001
    294.76492   1.70218871E+001
    293.43114   1.69188764E+001
    292.09737   1.63270365E+001
    290.76359   1.53551349E+001
    289.42981   1.41573870E+001
    288.09603   1.28812993E+001
    286.76225   1.16366904E+001
    285.42848   1.04895092E+001
    284.09470   9.47014195E+000
    282.76092   8.58557805E+000
    281.42714   7.82979643E+000
    280.09336   7.19086273E+000
    278.75959   6.65514908E+000
    277.42581   6.20957124E+000
    276.09203   5.84262666E+000
    274.75825   5.54477226E+000
    273.42447   5.30846819E+000
    272.09070   5.12806646E+000
    270.75692   4.99962764E+000
    269.42314   4.92068477E+000
    268.08936   4.88992186E+000
    266.75559   4.90668207E+000
    265.42181   4.97016207E+000
    264.08803   5.07809848E+000
    262.75425   5.22477108E+000
    261.42047   5.39837584E+000
    260.08670   5.57846555E+000
    258.75292   5.73524516E+000
    257.41914   5.83329585E+000
    256.08536   5.84097183E+000
    254.75158   5.74225274E+000
    253.41781   5.54363806E+000
    252.08403   5.27080798E+000
    250.75025   4.95765538E+000
    249.41647   4.63525185E+000
    248.08269   4.32591657E+000
    246.74892   4.04250701E+000
    245.41514   3.79049555E+000
    244.08136   3.57063233E+000
    242.74758   3.38112177E+000
    241.41380   3.21907291E+000
    240.08003   3.08134503E+000
    238.74625   2.96498578E+000
    237.41247   2.86742498E+000
    236.07869   2.78653249E+000
    234.74491   2.72060203E+000
    233.41114   2.66828957E+000
    232.07736   2.62851198E+000
    230.74358   2.60029392E+000
    229.40980   2.58254173E+000
    228.07603   2.57372833E+000
    226.74225   2.57151733E+000
    225.40847   2.57245854E+000
    224.07469   2.57203487E+000
    222.74091   2.56538169E+000
    221.40714   2.54868819E+000
    220.07336   2.52063693E+000
    218.73958   2.48289096E+000
    217.40580   2.43924038E+000
    216.07202   2.39405739E+000
    214.73825   2.35103486E+000
    213.40447   2.31265960E+000
    212.07069   2.28027687E+000
    210.73691   2.25441018E+000
    209.40313   2.23509635E+000
    208.06936   2.22213895E+000
    206.73558   2.21527025E+000
    205.40180   2.21424353E+000
    204.06802   2.21888113E+000
    202.73424   2.22909729E+000
    201.40047   2.24490853E+000
    200.06669   2.26643892E+000
    198.73291   2.29392447E+000
    197.39913   2.32771927E+000
    196.06536   2.36830460E+000
    194.73158   2.41630231E+000
    193.39780   2.47249323E+000
    192.06402   2.53784167E+000
    190.73024   2.61352722E+000
    189.39647   2.70098530E+000
    188.06269   2.80195811E+000
    186.72891   2.91855816E+000
    185.39513   3.05334627E+000
    184.06135   3.20942600E+000
    182.72758   3.39055522E+000
    181.39380   3.60127254E+000
    180.06002   3.84703070E+000
    178.72624   4.13431651E+000
    177.39246   4.47071435E+000
    176.05869   4.86482897E+000
    174.72491   5.32591286E+000
    173.39113   5.86293330E+000
    172.05735   6.48266507E+000
    170.72357   7.18625819E+000
    169.38980   7.96378255E+000
    168.05602   8.78690126E+000
    166.72224   9.60166589E+000
    165.38846   1.03265532E+001
    164.05468   1.08631566E+001
    162.72091   1.11231990E+001
    161.38713   1.10627582E+001
    160.05335   1.07024217E+001
    158.71957   1.01180244E+001
    157.38580   9.40925392E+000
    156.05202   8.66785984E+000
    154.71824   7.96048122E+000
    153.38446   7.32655282E+000
    152.05068   6.78430555E+000
    150.71691   6.33850588E+000
    149.38313   5.98681917E+000
    148.04935   5.72409226E+000
    146.71557   5.54489847E+000
    145.38179   5.44490713E+000
    144.04802   5.42153490E+000
    142.71424   5.47416193E+000
    141.38046   5.60403292E+000
    140.04668   5.81381814E+000
    138.71290   6.10666493E+000
    137.37913   6.48441784E+000
    136.04535   6.94456321E+000
    134.71157   7.47551512E+000
    133.37779   8.05045101E+000
    132.04401   8.62151022E+000
    130.71024   9.11877195E+000
    129.37646   9.46007221E+000
    128.04268   9.57402720E+000
    126.70890   9.42773375E+000
    125.37513   9.04142497E+000
    124.04135   8.47879996E+000
    122.70757   7.82056524E+000
    121.37379   7.13912582E+000
    120.04001   6.48569281E+000
    118.70624   5.88934514E+000
    117.37246   5.36217506E+000
    116.03868   4.90552395E+000
    114.70490   4.51497405E+000
    113.37112   4.18363290E+000
    112.03735   3.90402756E+000
    110.70357   3.66907322E+000
    109.36979   3.47249413E+000
    108.03601   3.30894858E+000
    106.70223   3.17400847E+000
    105.36846   3.06407723E+000
    104.03468   2.97629024E+000
    102.70090   2.90841891E+000
    101.36712   2.85878803E+000
    100.03334   2.82620987E+000
     98.69957   2.80993539E+000
     97.36579   2.80962242E+000
     96.03201   2.82531975E+000
     94.69823   2.85746702E+000
     93.36445   2.90691005E+000
     92.03068   2.97493200E+000
     90.69690   3.06330114E+000
     89.36312   3.17433567E+000
     88.02934   3.31098653E+000
     86.69557   3.47693830E+000
     85.36179   3.67672853E+000
     84.02801   3.91588496E+000
     82.69423   4.20107581E+000
     81.36045   4.54024886E+000
     80.02668   4.94268298E+000
     78.69290   5.41878098E+000
     77.35912   5.97931040E+000
     76.02534   6.63366661E+000
     74.69156   7.38659340E+000
     73.35779   8.23273315E+000
     72.02401   9.14874287E+000
     70.69023   1.00841837E+001
     69.35645   1.09555341E+001
     68.02267   1.16513940E+001
     66.68890   1.20564447E+001
     65.35512   1.20908793E+001
     64.02134   1.17447355E+001
     62.68756   1.10825169E+001
     61.35378   1.02144626E+001
     60.02001   9.25589484E+000
     58.68623   8.29838773E+000
     57.35245   7.40034787E+000
     56.01867   6.59106438E+000
     54.68489   5.87960628E+000
     53.35112   5.26320720E+000
     52.01734   4.73328895E+000
     50.68356   4.27916321E+000
     49.34978   3.89004666E+000
     48.01601   3.55602126E+000
     46.68223   3.26839717E+000
     45.34845   3.01976568E+000
     44.01467   2.80390747E+000
     42.68089   2.61564551E+000
     41.34712   2.45068748E+000
     40.01334   2.30547849E+000
     38.67956   2.17707205E+000
     37.34578   2.06302090E+000
     36.01200   1.96128660E+000
     34.67823   1.87016538E+000
     33.34445   1.78822791E+000
     32.01067   1.71427036E+000
     30.67689   1.64727470E+000
     29.34311   1.58637661E+000
     28.00934   1.53083923E+000
     26.67556   1.48003195E+000
     25.34178   1.43341296E+000
     24.00800   1.39051501E+000
     22.67422   1.35093365E+000
     21.34045   1.31431756E+000
     20.00667   1.28036051E+000
     18.67289   1.24879473E+000
     17.33911   1.21938525E+000
     16.00534   1.19192535E+000
     14.67156   1.16623252E+000
     13.33778   1.14214524E+000
     12.00400   1.11952014E+000
     10.67022   1.09822961E+000
      9.33645   1.07815983E+000
      8.00267   1.05920894E+000
      6.66889   1.04128567E+000
      5.33511   1.02430797E+000
      4.00133   1.00820195E+000
      2.66756   9.92900921E-001
      1.33378   9.78344584E-001
      0.00000   9.64478284E-001
