     1    3.352464    2.924543  -10.000000  -10.000000   -0.2588
     2    3.352464    2.924543   -9.899497   -9.899497   -0.2661
     3    3.352464    2.924543   -9.798995   -9.798995   -0.2736
     4    3.352464    2.924543   -9.698492   -9.698492   -0.2814
     5    3.352464    2.924543   -9.597990   -9.597990   -0.2895
     6    3.352464    2.924543   -9.497487   -9.497487   -0.2979
     7    3.352464    2.924543   -9.396985   -9.396985   -0.3066
     8    3.352464    2.924543   -9.296482   -9.296482   -0.3157
     9    3.352464    2.924543   -9.195980   -9.195980   -0.3251
    10    3.352464    2.924543   -9.095477   -9.095477   -0.3349
    11    3.352464    2.924543   -8.994975   -8.994975   -0.3451
    12    3.352464    2.924543   -8.894472   -8.894472   -0.3556
    13    3.352464    2.924543   -8.793970   -8.793970   -0.3666
    14    3.352464    2.924543   -8.693467   -8.693467   -0.3781
    15    3.352464    2.924543   -8.592965   -8.592965   -0.3900
    16    3.352464    2.924543   -8.492462   -8.492462   -0.4024
    17    3.352464    2.924543   -8.391960   -8.391960   -0.4153
    18    3.352464    2.924543   -8.291457   -8.291457   -0.4288
    19    3.352464    2.924543   -8.190955   -8.190955   -0.4428
    20    3.352464    2.924543   -8.090452   -8.090452   -0.4574
    21    3.352464    2.924543   -7.989950   -7.989950   -0.4727
    22    3.352464    2.924543   -7.889447   -7.889447   -0.4886
    23    3.352464    2.924543   -7.788945   -7.788945   -0.5052
    24    3.352464    2.924543   -7.688442   -7.688442   -0.5226
    25    3.352464    2.924543   -7.587940   -7.587940   -0.5407
    26    3.352464    2.924543   -7.487437   -7.487437   -0.5596
    27    3.352464    2.924543   -7.386935   -7.386935   -0.5795
    28    3.352464    2.924543   -7.286432   -7.286432   -0.6002
    29    3.352464    2.924543   -7.185930   -7.185930   -0.6219
    30    3.352464    2.924543   -7.085427   -7.085427   -0.6446
    31    3.352464    2.924543   -6.984925   -6.984925   -0.6683
    32    3.352464    2.924543   -6.884422   -6.884422   -0.6933
    33    3.352464    2.924543   -6.783920   -6.783920   -0.7194
    34    3.352464    2.924543   -6.683417   -6.683417   -0.7468
    35    3.352464    2.924543   -6.582915   -6.582915   -0.7755
    36    3.352464    2.924543   -6.482412   -6.482412   -0.8057
    37    3.352464    2.924543   -6.381910   -6.381910   -0.8373
    38    3.352464    2.924543   -6.281407   -6.281407   -0.8706
    39    3.352464    2.924543   -6.180905   -6.180905   -0.9056
    40    3.352464    2.924543   -6.080402   -6.080402   -0.9424
    41    3.352464    2.924543   -5.979899   -5.979899   -0.9812
    42    3.352464    2.924543   -5.879397   -5.879397   -1.0219
    43    3.352464    2.924543   -5.778894   -5.778894   -1.0649
    44    3.352464    2.924543   -5.678392   -5.678392   -1.1101
    45    3.352464    2.924543   -5.577889   -5.577889   -1.1579
    46    3.352464    2.924543   -5.477387   -5.477387   -1.2082
    47    3.352464    2.924543   -5.376884   -5.376884   -1.2614
    48    3.352464    2.924543   -5.276382   -5.276382   -1.3175
    49    3.352464    2.924543   -5.175879   -5.175879   -1.3768
    50    3.352464    2.924543   -5.075377   -5.075377   -1.4396
    51    3.352464    2.924543   -4.974874   -4.974874   -1.5060
    52    3.352464    2.924543   -4.874372   -4.874372   -1.5763
    53    3.352464    2.924543   -4.773869   -4.773869   -1.6508
    54    3.352464    2.924543   -4.673367   -4.673367   -1.7297
    55    3.352464    2.924543   -4.572864   -4.572864   -1.8135
    56    3.352464    2.924543   -4.472362   -4.472362   -1.9024
    57    3.352464    2.924543   -4.371859   -4.371859   -1.9969
    58    3.352464    2.924543   -4.271357   -4.271357   -2.0973
    59    3.352464    2.924543   -4.170854   -4.170854   -2.2042
    60    3.352464    2.924543   -4.070352   -4.070352   -2.3180
    61    3.352464    2.924543   -3.969849   -3.969849   -2.4393
    62    3.352464    2.924543   -3.869347   -3.869347   -2.5686
    63    3.352464    2.924543   -3.768844   -3.768844   -2.7067
    64    3.352464    2.924543   -3.668342   -3.668342   -2.8542
    65    3.352464    2.924543   -3.567839   -3.567839   -3.0120
    66    3.352464    2.924543   -3.467337   -3.467337   -3.1809
    67    3.352464    2.924543   -3.366834   -3.366834   -3.3620
    68    3.352464    2.924543   -3.266332   -3.266332   -3.5562
    69    3.352464    2.924543   -3.165829   -3.165829   -3.7649
    70    3.352464    2.924543   -3.065327   -3.065327   -3.9917
    71    3.352464    2.924543   -2.964824   -2.964824   -4.2307
    72    3.352464    2.924543   -2.864322   -2.864322   -4.4915
    73    3.352464    2.924543   -2.763819   -2.763819   -4.7729
    74    3.352464    2.924543   -2.663317   -2.663317   -5.0748
    75    3.352464    2.924543   -2.562814   -2.562814   -5.4019
    76    3.352464    2.924543   -2.462312   -2.462312   -5.7536
    77    3.352464    2.924543   -2.361809   -2.361809   -6.1322
    78    3.352464    2.924543   -2.261307   -2.261307   -6.5388
    79    3.352464    2.924543   -2.160804   -2.160804   -6.9737
    80    3.352464    2.924543   -2.060302   -2.060302   -7.4359
    81    3.352464    2.924543   -1.959799   -1.959799   -7.9306
    82    3.352464    2.924543   -1.859296   -1.859296   -8.4358
    83    3.352464    2.924543   -1.758794   -1.758794   -8.9525
    84    3.352464    2.924543   -1.658291   -1.658291   -9.4606
    85    3.352464    2.924543   -1.557789   -1.557789   -9.9380
    86    3.352464    2.924543   -1.457286   -1.457286  -10.3459
    87    3.352464    2.924543   -1.356784   -1.356784  -10.6284
    88    3.352464    2.924543   -1.256281   -1.256281  -10.7064
    89    3.352464    2.924543   -1.155779   -1.155779  -10.4929
    90    3.352464    2.924543   -1.055276   -1.055276   -9.7851
    91    3.352464    2.924543   -0.954774   -0.954774   -8.4336
    92    3.352464    2.924543   -0.854271   -0.854271   -6.4332
    93    3.352464    2.924543   -0.753769   -0.753769   -3.1763
    94    3.352464    2.924543   -0.653266   -0.653266    0.9507
    95    3.352464    2.924543   -0.552764   -0.552764    6.1245
    96    3.352464    2.924543   -0.452261   -0.452261   12.6646
    97    3.352464    2.924543   -0.351759   -0.351759   18.7609
    98    3.352464    2.924543   -0.251256   -0.251256   25.5703
    99    3.352464    2.924543   -0.150754   -0.150754   29.7930
   100    3.352464    2.924543   -0.050251   -0.050251   32.8094
   101    3.352464    2.924543    0.050251    0.050251   32.8094
   102    3.352464    2.924543    0.150754    0.150754   29.7930
   103    3.352464    2.924543    0.251256    0.251256   25.5703
   104    3.352464    2.924543    0.351759    0.351759   18.7609
   105    3.352464    2.924543    0.452261    0.452261   12.6646
   106    3.352464    2.924543    0.552764    0.552764    6.1245
   107    3.352464    2.924543    0.653266    0.653266    0.9507
   108    3.352464    2.924543    0.753769    0.753769   -3.1763
   109    3.352464    2.924543    0.854271    0.854271   -6.4332
   110    3.352464    2.924543    0.954774    0.954774   -8.4336
   111    3.352464    2.924543    1.055276    1.055276   -9.7851
   112    3.352464    2.924543    1.155779    1.155779  -10.4929
   113    3.352464    2.924543    1.256281    1.256281  -10.7064
   114    3.352464    2.924543    1.356784    1.356784  -10.6284
   115    3.352464    2.924543    1.457286    1.457286  -10.3459
   116    3.352464    2.924543    1.557789    1.557789   -9.9380
   117    3.352464    2.924543    1.658291    1.658291   -9.4606
   118    3.352464    2.924543    1.758794    1.758794   -8.9525
   119    3.352464    2.924543    1.859296    1.859296   -8.4358
   120    3.352464    2.924543    1.959799    1.959799   -7.9306
   121    3.352464    2.924543    2.060302    2.060302   -7.4359
   122    3.352464    2.924543    2.160804    2.160804   -6.9737
   123    3.352464    2.924543    2.261307    2.261307   -6.5388
   124    3.352464    2.924543    2.361809    2.361809   -6.1322
   125    3.352464    2.924543    2.462312    2.462312   -5.7536
   126    3.352464    2.924543    2.562814    2.562814   -5.4019
   127    3.352464    2.924543    2.663317    2.663317   -5.0748
   128    3.352464    2.924543    2.763819    2.763819   -4.7729
   129    3.352464    2.924543    2.864322    2.864322   -4.4915
   130    3.352464    2.924543    2.964824    2.964824   -4.2307
   131    3.352464    2.924543    3.065327    3.065327   -3.9917
   132    3.352464    2.924543    3.165829    3.165829   -3.7649
   133    3.352464    2.924543    3.266332    3.266332   -3.5562
   134    3.352464    2.924543    3.366834    3.366834   -3.3620
   135    3.352464    2.924543    3.467337    3.467337   -3.1809
   136    3.352464    2.924543    3.567839    3.567839   -3.0120
   137    3.352464    2.924543    3.668342    3.668342   -2.8542
   138    3.352464    2.924543    3.768844    3.768844   -2.7067
   139    3.352464    2.924543    3.869347    3.869347   -2.5686
   140    3.352464    2.924543    3.969849    3.969849   -2.4393
   141    3.352464    2.924543    4.070352    4.070352   -2.3180
   142    3.352464    2.924543    4.170854    4.170854   -2.2042
   143    3.352464    2.924543    4.271357    4.271357   -2.0973
   144    3.352464    2.924543    4.371859    4.371859   -1.9969
   145    3.352464    2.924543    4.472362    4.472362   -1.9024
   146    3.352464    2.924543    4.572864    4.572864   -1.8135
   147    3.352464    2.924543    4.673367    4.673367   -1.7297
   148    3.352464    2.924543    4.773869    4.773869   -1.6508
   149    3.352464    2.924543    4.874372    4.874372   -1.5763
   150    3.352464    2.924543    4.974874    4.974874   -1.5060
   151    3.352464    2.924543    5.075377    5.075377   -1.4396
   152    3.352464    2.924543    5.175879    5.175879   -1.3768
   153    3.352464    2.924543    5.276382    5.276382   -1.3175
   154    3.352464    2.924543    5.376884    5.376884   -1.2614
   155    3.352464    2.924543    5.477387    5.477387   -1.2082
   156    3.352464    2.924543    5.577889    5.577889   -1.1579
   157    3.352464    2.924543    5.678392    5.678392   -1.1101
   158    3.352464    2.924543    5.778894    5.778894   -1.0649
   159    3.352464    2.924543    5.879397    5.879397   -1.0219
   160    3.352464    2.924543    5.979899    5.979899   -0.9812
   161    3.352464    2.924543    6.080402    6.080402   -0.9424
   162    3.352464    2.924543    6.180905    6.180905   -0.9056
   163    3.352464    2.924543    6.281407    6.281407   -0.8706
   164    3.352464    2.924543    6.381910    6.381910   -0.8373
   165    3.352464    2.924543    6.482412    6.482412   -0.8057
   166    3.352464    2.924543    6.582915    6.582915   -0.7755
   167    3.352464    2.924543    6.683417    6.683417   -0.7468
   168    3.352464    2.924543    6.783920    6.783920   -0.7194
   169    3.352464    2.924543    6.884422    6.884422   -0.6933
   170    3.352464    2.924543    6.984925    6.984925   -0.6683
   171    3.352464    2.924543    7.085427    7.085427   -0.6446
   172    3.352464    2.924543    7.185930    7.185930   -0.6219
   173    3.352464    2.924543    7.286432    7.286432   -0.6002
   174    3.352464    2.924543    7.386935    7.386935   -0.5795
   175    3.352464    2.924543    7.487437    7.487437   -0.5596
   176    3.352464    2.924543    7.587940    7.587940   -0.5407
   177    3.352464    2.924543    7.688442    7.688442   -0.5226
   178    3.352464    2.924543    7.788945    7.788945   -0.5052
   179    3.352464    2.924543    7.889447    7.889447   -0.4886
   180    3.352464    2.924543    7.989950    7.989950   -0.4727
   181    3.352464    2.924543    8.090452    8.090452   -0.4574
   182    3.352464    2.924543    8.190955    8.190955   -0.4428
   183    3.352464    2.924543    8.291457    8.291457   -0.4288
   184    3.352464    2.924543    8.391960    8.391960   -0.4153
   185    3.352464    2.924543    8.492462    8.492462   -0.4024
   186    3.352464    2.924543    8.592965    8.592965   -0.3900
   187    3.352464    2.924543    8.693467    8.693467   -0.3781
   188    3.352464    2.924543    8.793970    8.793970   -0.3666
   189    3.352464    2.924543    8.894472    8.894472   -0.3556
   190    3.352464    2.924543    8.994975    8.994975   -0.3451
   191    3.352464    2.924543    9.095477    9.095477   -0.3349
   192    3.352464    2.924543    9.195980    9.195980   -0.3251
   193    3.352464    2.924543    9.296482    9.296482   -0.3157
   194    3.352464    2.924543    9.396985    9.396985   -0.3066
   195    3.352464    2.924543    9.497487    9.497487   -0.2979
   196    3.352464    2.924543    9.597990    9.597990   -0.2895
   197    3.352464    2.924543    9.698492    9.698492   -0.2814
   198    3.352464    2.924543    9.798995    9.798995   -0.2736
   199    3.352464    2.924543    9.899497    9.899497   -0.2661
   200    3.352464    2.924543   10.000000   10.000000   -0.2588
