     1    3.352464    2.924543  -10.000000  -10.000000   -0.4576
     2    3.352464    2.924543   -9.899497   -9.899497   -0.4707
     3    3.352464    2.924543   -9.798995   -9.798995   -0.4842
     4    3.352464    2.924543   -9.698492   -9.698492   -0.4983
     5    3.352464    2.924543   -9.597990   -9.597990   -0.5129
     6    3.352464    2.924543   -9.497487   -9.497487   -0.5281
     7    3.352464    2.924543   -9.396985   -9.396985   -0.5439
     8    3.352464    2.924543   -9.296482   -9.296482   -0.5603
     9    3.352464    2.924543   -9.195980   -9.195980   -0.5773
    10    3.352464    2.924543   -9.095477   -9.095477   -0.5951
    11    3.352464    2.924543   -8.994975   -8.994975   -0.6135
    12    3.352464    2.924543   -8.894472   -8.894472   -0.6327
    13    3.352464    2.924543   -8.793970   -8.793970   -0.6527
    14    3.352464    2.924543   -8.693467   -8.693467   -0.6735
    15    3.352464    2.924543   -8.592965   -8.592965   -0.6952
    16    3.352464    2.924543   -8.492462   -8.492462   -0.7178
    17    3.352464    2.924543   -8.391960   -8.391960   -0.7414
    18    3.352464    2.924543   -8.291457   -8.291457   -0.7660
    19    3.352464    2.924543   -8.190955   -8.190955   -0.7917
    20    3.352464    2.924543   -8.090452   -8.090452   -0.8185
    21    3.352464    2.924543   -7.989950   -7.989950   -0.8464
    22    3.352464    2.924543   -7.889447   -7.889447   -0.8757
    23    3.352464    2.924543   -7.788945   -7.788945   -0.9062
    24    3.352464    2.924543   -7.688442   -7.688442   -0.9382
    25    3.352464    2.924543   -7.587940   -7.587940   -0.9716
    26    3.352464    2.924543   -7.487437   -7.487437   -1.0066
    27    3.352464    2.924543   -7.386935   -7.386935   -1.0432
    28    3.352464    2.924543   -7.286432   -7.286432   -1.0816
    29    3.352464    2.924543   -7.185930   -7.185930   -1.1218
    30    3.352464    2.924543   -7.085427   -7.085427   -1.1640
    31    3.352464    2.924543   -6.984925   -6.984925   -1.2082
    32    3.352464    2.924543   -6.884422   -6.884422   -1.2546
    33    3.352464    2.924543   -6.783920   -6.783920   -1.3034
    34    3.352464    2.924543   -6.683417   -6.683417   -1.3546
    35    3.352464    2.924543   -6.582915   -6.582915   -1.4084
    36    3.352464    2.924543   -6.482412   -6.482412   -1.4650
    37    3.352464    2.924543   -6.381910   -6.381910   -1.5245
    38    3.352464    2.924543   -6.281407   -6.281407   -1.5872
    39    3.352464    2.924543   -6.180905   -6.180905   -1.6532
    40    3.352464    2.924543   -6.080402   -6.080402   -1.7227
    41    3.352464    2.924543   -5.979899   -5.979899   -1.7960
    42    3.352464    2.924543   -5.879397   -5.879397   -1.8734
    43    3.352464    2.924543   -5.778894   -5.778894   -1.9550
    44    3.352464    2.924543   -5.678392   -5.678392   -2.0412
    45    3.352464    2.924543   -5.577889   -5.577889   -2.1323
    46    3.352464    2.924543   -5.477387   -5.477387   -2.2286
    47    3.352464    2.924543   -5.376884   -5.376884   -2.3305
    48    3.352464    2.924543   -5.276382   -5.276382   -2.4383
    49    3.352464    2.924543   -5.175879   -5.175879   -2.5526
    50    3.352464    2.924543   -5.075377   -5.075377   -2.6736
    51    3.352464    2.924543   -4.974874   -4.974874   -2.8020
    52    3.352464    2.924543   -4.874372   -4.874372   -2.9382
    53    3.352464    2.924543   -4.773869   -4.773869   -3.0829
    54    3.352464    2.924543   -4.673367   -4.673367   -3.2366
    55    3.352464    2.924543   -4.572864   -4.572864   -3.4000
    56    3.352464    2.924543   -4.472362   -4.472362   -3.5738
    57    3.352464    2.924543   -4.371859   -4.371859   -3.7589
    58    3.352464    2.924543   -4.271357   -4.271357   -3.9561
    59    3.352464    2.924543   -4.170854   -4.170854   -4.1663
    60    3.352464    2.924543   -4.070352   -4.070352   -4.3906
    61    3.352464    2.924543   -3.969849   -3.969849   -4.6300
    62    3.352464    2.924543   -3.869347   -3.869347   -4.8858
    63    3.352464    2.924543   -3.768844   -3.768844   -5.1594
    64    3.352464    2.924543   -3.668342   -3.668342   -5.4521
    65    3.352464    2.924543   -3.567839   -3.567839   -5.7657
    66    3.352464    2.924543   -3.467337   -3.467337   -6.1018
    67    3.352464    2.924543   -3.366834   -3.366834   -6.4624
    68    3.352464    2.924543   -3.266332   -3.266332   -6.8496
    69    3.352464    2.924543   -3.165829   -3.165829   -7.2658
    70    3.352464    2.924543   -3.065327   -3.065327   -7.7136
    71    3.352464    2.924543   -2.964824   -2.964824   -8.1958
    72    3.352464    2.924543   -2.864322   -2.864322   -8.7156
    73    3.352464    2.924543   -2.763819   -2.763819   -9.2762
    74    3.352464    2.924543   -2.663317   -2.663317   -9.8815
    75    3.352464    2.924543   -2.562814   -2.562814  -10.5353
    76    3.352464    2.924543   -2.462312   -2.462312  -11.2416
    77    3.352464    2.924543   -2.361809   -2.361809  -12.0044
    78    3.352464    2.924543   -2.261307   -2.261307  -12.8276
    79    3.352464    2.924543   -2.160804   -2.160804  -13.7142
    80    3.352464    2.924543   -2.060302   -2.060302  -14.6662
    81    3.352464    2.924543   -1.959799   -1.959799  -15.6834
    82    3.352464    2.924543   -1.859296   -1.859296  -16.7622
    83    3.352464    2.924543   -1.758794   -1.758794  -17.8940
    84    3.352464    2.924543   -1.658291   -1.658291  -19.0624
    85    3.352464    2.924543   -1.557789   -1.557789  -20.2397
    86    3.352464    2.924543   -1.457286   -1.457286  -21.3815
    87    3.352464    2.924543   -1.356784   -1.356784  -22.4203
    88    3.352464    2.924543   -1.256281   -1.256281  -23.2572
    89    3.352464    2.924543   -1.155779   -1.155779  -23.7534
    90    3.352464    2.924543   -1.055276   -1.055276  -23.7238
    91    3.352464    2.924543   -0.954774   -0.954774  -22.9385
    92    3.352464    2.924543   -0.854271   -0.854271  -21.1383
    93    3.352464    2.924543   -0.753769   -0.753769  -18.0745
    94    3.352464    2.924543   -0.653266   -0.653266  -13.5758
    95    3.352464    2.924543   -0.552764   -0.552764   -7.6418
    96    3.352464    2.924543   -0.452261   -0.452261   -0.5435
    97    3.352464    2.924543   -0.351759   -0.351759    7.1065
    98    3.352464    2.924543   -0.251256   -0.251256   14.3665
    99    3.352464    2.924543   -0.150754   -0.150754   20.1090
   100    3.352464    2.924543   -0.050251   -0.050251   23.2951
   101    3.352464    2.924543    0.050251    0.050251   23.2951
   102    3.352464    2.924543    0.150754    0.150754   20.1090
   103    3.352464    2.924543    0.251256    0.251256   14.3665
   104    3.352464    2.924543    0.351759    0.351759    7.1065
   105    3.352464    2.924543    0.452261    0.452261   -0.5435
   106    3.352464    2.924543    0.552764    0.552764   -7.6418
   107    3.352464    2.924543    0.653266    0.653266  -13.5758
   108    3.352464    2.924543    0.753769    0.753769  -18.0745
   109    3.352464    2.924543    0.854271    0.854271  -21.1383
   110    3.352464    2.924543    0.954774    0.954774  -22.9385
   111    3.352464    2.924543    1.055276    1.055276  -23.7238
   112    3.352464    2.924543    1.155779    1.155779  -23.7534
   113    3.352464    2.924543    1.256281    1.256281  -23.2572
   114    3.352464    2.924543    1.356784    1.356784  -22.4203
   115    3.352464    2.924543    1.457286    1.457286  -21.3815
   116    3.352464    2.924543    1.557789    1.557789  -20.2397
   117    3.352464    2.924543    1.658291    1.658291  -19.0624
   118    3.352464    2.924543    1.758794    1.758794  -17.8940
   119    3.352464    2.924543    1.859296    1.859296  -16.7622
   120    3.352464    2.924543    1.959799    1.959799  -15.6834
   121    3.352464    2.924543    2.060302    2.060302  -14.6662
   122    3.352464    2.924543    2.160804    2.160804  -13.7142
   123    3.352464    2.924543    2.261307    2.261307  -12.8276
   124    3.352464    2.924543    2.361809    2.361809  -12.0044
   125    3.352464    2.924543    2.462312    2.462312  -11.2416
   126    3.352464    2.924543    2.562814    2.562814  -10.5353
   127    3.352464    2.924543    2.663317    2.663317   -9.8815
   128    3.352464    2.924543    2.763819    2.763819   -9.2762
   129    3.352464    2.924543    2.864322    2.864322   -8.7156
   130    3.352464    2.924543    2.964824    2.964824   -8.1958
   131    3.352464    2.924543    3.065327    3.065327   -7.7136
   132    3.352464    2.924543    3.165829    3.165829   -7.2658
   133    3.352464    2.924543    3.266332    3.266332   -6.8496
   134    3.352464    2.924543    3.366834    3.366834   -6.4624
   135    3.352464    2.924543    3.467337    3.467337   -6.1018
   136    3.352464    2.924543    3.567839    3.567839   -5.7657
   137    3.352464    2.924543    3.668342    3.668342   -5.4521
   138    3.352464    2.924543    3.768844    3.768844   -5.1594
   139    3.352464    2.924543    3.869347    3.869347   -4.8858
   140    3.352464    2.924543    3.969849    3.969849   -4.6300
   141    3.352464    2.924543    4.070352    4.070352   -4.3906
   142    3.352464    2.924543    4.170854    4.170854   -4.1663
   143    3.352464    2.924543    4.271357    4.271357   -3.9561
   144    3.352464    2.924543    4.371859    4.371859   -3.7589
   145    3.352464    2.924543    4.472362    4.472362   -3.5738
   146    3.352464    2.924543    4.572864    4.572864   -3.4000
   147    3.352464    2.924543    4.673367    4.673367   -3.2366
   148    3.352464    2.924543    4.773869    4.773869   -3.0829
   149    3.352464    2.924543    4.874372    4.874372   -2.9382
   150    3.352464    2.924543    4.974874    4.974874   -2.8020
   151    3.352464    2.924543    5.075377    5.075377   -2.6736
   152    3.352464    2.924543    5.175879    5.175879   -2.5526
   153    3.352464    2.924543    5.276382    5.276382   -2.4383
   154    3.352464    2.924543    5.376884    5.376884   -2.3305
   155    3.352464    2.924543    5.477387    5.477387   -2.2286
   156    3.352464    2.924543    5.577889    5.577889   -2.1323
   157    3.352464    2.924543    5.678392    5.678392   -2.0412
   158    3.352464    2.924543    5.778894    5.778894   -1.9550
   159    3.352464    2.924543    5.879397    5.879397   -1.8734
   160    3.352464    2.924543    5.979899    5.979899   -1.7960
   161    3.352464    2.924543    6.080402    6.080402   -1.7227
   162    3.352464    2.924543    6.180905    6.180905   -1.6532
   163    3.352464    2.924543    6.281407    6.281407   -1.5872
   164    3.352464    2.924543    6.381910    6.381910   -1.5245
   165    3.352464    2.924543    6.482412    6.482412   -1.4650
   166    3.352464    2.924543    6.582915    6.582915   -1.4084
   167    3.352464    2.924543    6.683417    6.683417   -1.3546
   168    3.352464    2.924543    6.783920    6.783920   -1.3034
   169    3.352464    2.924543    6.884422    6.884422   -1.2546
   170    3.352464    2.924543    6.984925    6.984925   -1.2082
   171    3.352464    2.924543    7.085427    7.085427   -1.1640
   172    3.352464    2.924543    7.185930    7.185930   -1.1218
   173    3.352464    2.924543    7.286432    7.286432   -1.0816
   174    3.352464    2.924543    7.386935    7.386935   -1.0432
   175    3.352464    2.924543    7.487437    7.487437   -1.0066
   176    3.352464    2.924543    7.587940    7.587940   -0.9716
   177    3.352464    2.924543    7.688442    7.688442   -0.9382
   178    3.352464    2.924543    7.788945    7.788945   -0.9062
   179    3.352464    2.924543    7.889447    7.889447   -0.8757
   180    3.352464    2.924543    7.989950    7.989950   -0.8464
   181    3.352464    2.924543    8.090452    8.090452   -0.8185
   182    3.352464    2.924543    8.190955    8.190955   -0.7917
   183    3.352464    2.924543    8.291457    8.291457   -0.7660
   184    3.352464    2.924543    8.391960    8.391960   -0.7414
   185    3.352464    2.924543    8.492462    8.492462   -0.7178
   186    3.352464    2.924543    8.592965    8.592965   -0.6952
   187    3.352464    2.924543    8.693467    8.693467   -0.6735
   188    3.352464    2.924543    8.793970    8.793970   -0.6527
   189    3.352464    2.924543    8.894472    8.894472   -0.6327
   190    3.352464    2.924543    8.994975    8.994975   -0.6135
   191    3.352464    2.924543    9.095477    9.095477   -0.5951
   192    3.352464    2.924543    9.195980    9.195980   -0.5773
   193    3.352464    2.924543    9.296482    9.296482   -0.5603
   194    3.352464    2.924543    9.396985    9.396985   -0.5439
   195    3.352464    2.924543    9.497487    9.497487   -0.5281
   196    3.352464    2.924543    9.597990    9.597990   -0.5129
   197    3.352464    2.924543    9.698492    9.698492   -0.4983
   198    3.352464    2.924543    9.798995    9.798995   -0.4842
   199    3.352464    2.924543    9.899497    9.899497   -0.4707
   200    3.352464    2.924543   10.000000   10.000000   -0.4576
