     1    3.352464    2.924543  -10.000000  -10.000000   -0.1824
     2    3.352464    2.924543   -9.899497   -9.899497   -0.1878
     3    3.352464    2.924543   -9.798995   -9.798995   -0.1934
     4    3.352464    2.924543   -9.698492   -9.698492   -0.1992
     5    3.352464    2.924543   -9.597990   -9.597990   -0.2053
     6    3.352464    2.924543   -9.497487   -9.497487   -0.2116
     7    3.352464    2.924543   -9.396985   -9.396985   -0.2182
     8    3.352464    2.924543   -9.296482   -9.296482   -0.2250
     9    3.352464    2.924543   -9.195980   -9.195980   -0.2321
    10    3.352464    2.924543   -9.095477   -9.095477   -0.2395
    11    3.352464    2.924543   -8.994975   -8.994975   -0.2472
    12    3.352464    2.924543   -8.894472   -8.894472   -0.2553
    13    3.352464    2.924543   -8.793970   -8.793970   -0.2637
    14    3.352464    2.924543   -8.693467   -8.693467   -0.2725
    15    3.352464    2.924543   -8.592965   -8.592965   -0.2817
    16    3.352464    2.924543   -8.492462   -8.492462   -0.2912
    17    3.352464    2.924543   -8.391960   -8.391960   -0.3012
    18    3.352464    2.924543   -8.291457   -8.291457   -0.3117
    19    3.352464    2.924543   -8.190955   -8.190955   -0.3226
    20    3.352464    2.924543   -8.090452   -8.090452   -0.3341
    21    3.352464    2.924543   -7.989950   -7.989950   -0.3461
    22    3.352464    2.924543   -7.889447   -7.889447   -0.3586
    23    3.352464    2.924543   -7.788945   -7.788945   -0.3718
    24    3.352464    2.924543   -7.688442   -7.688442   -0.3856
    25    3.352464    2.924543   -7.587940   -7.587940   -0.4001
    26    3.352464    2.924543   -7.487437   -7.487437   -0.4153
    27    3.352464    2.924543   -7.386935   -7.386935   -0.4312
    28    3.352464    2.924543   -7.286432   -7.286432   -0.4480
    29    3.352464    2.924543   -7.185930   -7.185930   -0.4656
    30    3.352464    2.924543   -7.085427   -7.085427   -0.4841
    31    3.352464    2.924543   -6.984925   -6.984925   -0.5036
    32    3.352464    2.924543   -6.884422   -6.884422   -0.5242
    33    3.352464    2.924543   -6.783920   -6.783920   -0.5458
    34    3.352464    2.924543   -6.683417   -6.683417   -0.5686
    35    3.352464    2.924543   -6.582915   -6.582915   -0.5927
    36    3.352464    2.924543   -6.482412   -6.482412   -0.6181
    37    3.352464    2.924543   -6.381910   -6.381910   -0.6449
    38    3.352464    2.924543   -6.281407   -6.281407   -0.6733
    39    3.352464    2.924543   -6.180905   -6.180905   -0.7033
    40    3.352464    2.924543   -6.080402   -6.080402   -0.7350
    41    3.352464    2.924543   -5.979899   -5.979899   -0.7686
    42    3.352464    2.924543   -5.879397   -5.879397   -0.8042
    43    3.352464    2.924543   -5.778894   -5.778894   -0.8420
    44    3.352464    2.924543   -5.678392   -5.678392   -0.8821
    45    3.352464    2.924543   -5.577889   -5.577889   -0.9246
    46    3.352464    2.924543   -5.477387   -5.477387   -0.9698
    47    3.352464    2.924543   -5.376884   -5.376884   -1.0179
    48    3.352464    2.924543   -5.276382   -5.276382   -1.0691
    49    3.352464    2.924543   -5.175879   -5.175879   -1.1236
    50    3.352464    2.924543   -5.075377   -5.075377   -1.1816
    51    3.352464    2.924543   -4.974874   -4.974874   -1.2436
    52    3.352464    2.924543   -4.874372   -4.874372   -1.3097
    53    3.352464    2.924543   -4.773869   -4.773869   -1.3804
    54    3.352464    2.924543   -4.673367   -4.673367   -1.4559
    55    3.352464    2.924543   -4.572864   -4.572864   -1.5367
    56    3.352464    2.924543   -4.472362   -4.472362   -1.6233
    57    3.352464    2.924543   -4.371859   -4.371859   -1.7161
    58    3.352464    2.924543   -4.271357   -4.271357   -1.8156
    59    3.352464    2.924543   -4.170854   -4.170854   -1.9225
    60    3.352464    2.924543   -4.070352   -4.070352   -2.0374
    61    3.352464    2.924543   -3.969849   -3.969849   -2.1610
    62    3.352464    2.924543   -3.869347   -3.869347   -2.2940
    63    3.352464    2.924543   -3.768844   -3.768844   -2.4374
    64    3.352464    2.924543   -3.668342   -3.668342   -2.5921
    65    3.352464    2.924543   -3.567839   -3.567839   -2.7591
    66    3.352464    2.924543   -3.467337   -3.467337   -2.9395
    67    3.352464    2.924543   -3.366834   -3.366834   -3.1343
    68    3.352464    2.924543   -3.266332   -3.266332   -3.3460
    69    3.352464    2.924543   -3.165829   -3.165829   -3.5752
    70    3.352464    2.924543   -3.065327   -3.065327   -3.8231
    71    3.352464    2.924543   -2.964824   -2.964824   -4.0935
    72    3.352464    2.924543   -2.864322   -2.864322   -4.3869
    73    3.352464    2.924543   -2.763819   -2.763819   -4.7061
    74    3.352464    2.924543   -2.663317   -2.663317   -5.0531
    75    3.352464    2.924543   -2.562814   -2.562814   -5.4316
    76    3.352464    2.924543   -2.462312   -2.462312   -5.8432
    77    3.352464    2.924543   -2.361809   -2.361809   -6.2912
    78    3.352464    2.924543   -2.261307   -2.261307   -6.7786
    79    3.352464    2.924543   -2.160804   -2.160804   -7.3082
    80    3.352464    2.924543   -2.060302   -2.060302   -7.8819
    81    3.352464    2.924543   -1.959799   -1.959799   -8.4927
    82    3.352464    2.924543   -1.859296   -1.859296   -9.2071
    83    3.352464    2.924543   -1.758794   -1.758794   -9.9332
    84    3.352464    2.924543   -1.658291   -1.658291  -10.6951
    85    3.352464    2.924543   -1.557789   -1.557789  -11.4932
    86    3.352464    2.924543   -1.457286   -1.457286  -12.3293
    87    3.352464    2.924543   -1.356784   -1.356784  -13.2221
    88    3.352464    2.924543   -1.256281   -1.256281  -14.1310
    89    3.352464    2.924543   -1.155779   -1.155779  -14.8489
    90    3.352464    2.924543   -1.055276   -1.055276  -15.4558
    91    3.352464    2.924543   -0.954774   -0.954774  -16.1845
    92    3.352464    2.924543   -0.854271   -0.854271  -16.3306
    93    3.352464    2.924543   -0.753769   -0.753769  -16.2949
    94    3.352464    2.924543   -0.653266   -0.653266  -15.9019
    95    3.352464    2.924543   -0.552764   -0.552764  -14.9718
    96    3.352464    2.924543   -0.452261   -0.452261  -13.8699
    97    3.352464    2.924543   -0.351759   -0.351759  -12.5556
    98    3.352464    2.924543   -0.251256   -0.251256  -11.2057
    99    3.352464    2.924543   -0.150754   -0.150754  -10.2181
   100    3.352464    2.924543   -0.050251   -0.050251   -9.5658
   101    3.352464    2.924543    0.050251    0.050251   -9.5658
   102    3.352464    2.924543    0.150754    0.150754  -10.2181
   103    3.352464    2.924543    0.251256    0.251256  -11.2057
   104    3.352464    2.924543    0.351759    0.351759  -12.5556
   105    3.352464    2.924543    0.452261    0.452261  -13.8699
   106    3.352464    2.924543    0.552764    0.552764  -14.9718
   107    3.352464    2.924543    0.653266    0.653266  -15.9019
   108    3.352464    2.924543    0.753769    0.753769  -16.2949
   109    3.352464    2.924543    0.854271    0.854271  -16.3306
   110    3.352464    2.924543    0.954774    0.954774  -16.1845
   111    3.352464    2.924543    1.055276    1.055276  -15.4558
   112    3.352464    2.924543    1.155779    1.155779  -14.8489
   113    3.352464    2.924543    1.256281    1.256281  -14.1310
   114    3.352464    2.924543    1.356784    1.356784  -13.2221
   115    3.352464    2.924543    1.457286    1.457286  -12.3293
   116    3.352464    2.924543    1.557789    1.557789  -11.4932
   117    3.352464    2.924543    1.658291    1.658291  -10.6951
   118    3.352464    2.924543    1.758794    1.758794   -9.9332
   119    3.352464    2.924543    1.859296    1.859296   -9.2071
   120    3.352464    2.924543    1.959799    1.959799   -8.4927
   121    3.352464    2.924543    2.060302    2.060302   -7.8819
   122    3.352464    2.924543    2.160804    2.160804   -7.3082
   123    3.352464    2.924543    2.261307    2.261307   -6.7786
   124    3.352464    2.924543    2.361809    2.361809   -6.2912
   125    3.352464    2.924543    2.462312    2.462312   -5.8432
   126    3.352464    2.924543    2.562814    2.562814   -5.4316
   127    3.352464    2.924543    2.663317    2.663317   -5.0531
   128    3.352464    2.924543    2.763819    2.763819   -4.7061
   129    3.352464    2.924543    2.864322    2.864322   -4.3869
   130    3.352464    2.924543    2.964824    2.964824   -4.0935
   131    3.352464    2.924543    3.065327    3.065327   -3.8231
   132    3.352464    2.924543    3.165829    3.165829   -3.5752
   133    3.352464    2.924543    3.266332    3.266332   -3.3460
   134    3.352464    2.924543    3.366834    3.366834   -3.1343
   135    3.352464    2.924543    3.467337    3.467337   -2.9395
   136    3.352464    2.924543    3.567839    3.567839   -2.7591
   137    3.352464    2.924543    3.668342    3.668342   -2.5921
   138    3.352464    2.924543    3.768844    3.768844   -2.4374
   139    3.352464    2.924543    3.869347    3.869347   -2.2940
   140    3.352464    2.924543    3.969849    3.969849   -2.1610
   141    3.352464    2.924543    4.070352    4.070352   -2.0374
   142    3.352464    2.924543    4.170854    4.170854   -1.9225
   143    3.352464    2.924543    4.271357    4.271357   -1.8156
   144    3.352464    2.924543    4.371859    4.371859   -1.7161
   145    3.352464    2.924543    4.472362    4.472362   -1.6233
   146    3.352464    2.924543    4.572864    4.572864   -1.5367
   147    3.352464    2.924543    4.673367    4.673367   -1.4559
   148    3.352464    2.924543    4.773869    4.773869   -1.3804
   149    3.352464    2.924543    4.874372    4.874372   -1.3097
   150    3.352464    2.924543    4.974874    4.974874   -1.2436
   151    3.352464    2.924543    5.075377    5.075377   -1.1816
   152    3.352464    2.924543    5.175879    5.175879   -1.1236
   153    3.352464    2.924543    5.276382    5.276382   -1.0691
   154    3.352464    2.924543    5.376884    5.376884   -1.0179
   155    3.352464    2.924543    5.477387    5.477387   -0.9698
   156    3.352464    2.924543    5.577889    5.577889   -0.9246
   157    3.352464    2.924543    5.678392    5.678392   -0.8821
   158    3.352464    2.924543    5.778894    5.778894   -0.8420
   159    3.352464    2.924543    5.879397    5.879397   -0.8042
   160    3.352464    2.924543    5.979899    5.979899   -0.7686
   161    3.352464    2.924543    6.080402    6.080402   -0.7350
   162    3.352464    2.924543    6.180905    6.180905   -0.7033
   163    3.352464    2.924543    6.281407    6.281407   -0.6733
   164    3.352464    2.924543    6.381910    6.381910   -0.6449
   165    3.352464    2.924543    6.482412    6.482412   -0.6181
   166    3.352464    2.924543    6.582915    6.582915   -0.5927
   167    3.352464    2.924543    6.683417    6.683417   -0.5686
   168    3.352464    2.924543    6.783920    6.783920   -0.5458
   169    3.352464    2.924543    6.884422    6.884422   -0.5242
   170    3.352464    2.924543    6.984925    6.984925   -0.5036
   171    3.352464    2.924543    7.085427    7.085427   -0.4841
   172    3.352464    2.924543    7.185930    7.185930   -0.4656
   173    3.352464    2.924543    7.286432    7.286432   -0.4480
   174    3.352464    2.924543    7.386935    7.386935   -0.4312
   175    3.352464    2.924543    7.487437    7.487437   -0.4153
   176    3.352464    2.924543    7.587940    7.587940   -0.4001
   177    3.352464    2.924543    7.688442    7.688442   -0.3856
   178    3.352464    2.924543    7.788945    7.788945   -0.3718
   179    3.352464    2.924543    7.889447    7.889447   -0.3586
   180    3.352464    2.924543    7.989950    7.989950   -0.3461
   181    3.352464    2.924543    8.090452    8.090452   -0.3341
   182    3.352464    2.924543    8.190955    8.190955   -0.3226
   183    3.352464    2.924543    8.291457    8.291457   -0.3117
   184    3.352464    2.924543    8.391960    8.391960   -0.3012
   185    3.352464    2.924543    8.492462    8.492462   -0.2912
   186    3.352464    2.924543    8.592965    8.592965   -0.2817
   187    3.352464    2.924543    8.693467    8.693467   -0.2725
   188    3.352464    2.924543    8.793970    8.793970   -0.2637
   189    3.352464    2.924543    8.894472    8.894472   -0.2553
   190    3.352464    2.924543    8.994975    8.994975   -0.2472
   191    3.352464    2.924543    9.095477    9.095477   -0.2395
   192    3.352464    2.924543    9.195980    9.195980   -0.2321
   193    3.352464    2.924543    9.296482    9.296482   -0.2250
   194    3.352464    2.924543    9.396985    9.396985   -0.2182
   195    3.352464    2.924543    9.497487    9.497487   -0.2116
   196    3.352464    2.924543    9.597990    9.597990   -0.2053
   197    3.352464    2.924543    9.698492    9.698492   -0.1992
   198    3.352464    2.924543    9.798995    9.798995   -0.1934
   199    3.352464    2.924543    9.899497    9.899497   -0.1878
   200    3.352464    2.924543   10.000000   10.000000   -0.1824
